

TREE # 1

  0  0.0000   3228.621518  x:  0.02422   0.02978   0.02177   0.04222   0.06234   0.01463   0.04571   0.01690   0.01368   0.00560   0.01618   0.02714   0.02179   0.01910   0.00356   0.02362   0.02614   0.01494   0.01216   0.02166   0.02189   0.01661   0.00440   0.00000   0.01015   0.01099   0.00682   0.00618   0.01215   0.00604   0.00643   0.00647   2.00000   1.00000  
  1 99.0000   3228.618351  x:  0.02422   0.02978   0.02177   0.04222   0.06234   0.01463   0.04571   0.01690   0.01368   0.00560   0.01618   0.02714   0.02179   0.01910   0.00356   0.02362   0.02614   0.01494   0.01216   0.02166   0.02189   0.01661   0.00440   0.00000   0.01015   0.01099   0.00682   0.00618   0.01215   0.00604   0.00643   0.00647   2.00000   1.00000  
  2 1170.1541   3218.080998  x:  0.02430   0.02983   0.02048   0.04229   0.06183   0.01410   0.04553   0.01627   0.01073   0.00747   0.01517   0.02691   0.02187   0.01886   0.00053   0.02175   0.02671   0.01477   0.01021   0.02134   0.01999   0.01648   0.00003   0.00000   0.01400   0.00428   0.00000   0.00559   0.00991   0.00744   0.00795   0.00562   2.00033   0.99883  
  3 1928.0907   3218.039254  x:  0.02430   0.02983   0.02047   0.04230   0.06182   0.01411   0.04553   0.01627   0.01072   0.00748   0.01517   0.02691   0.02187   0.01886   0.00052   0.02175   0.02672   0.01477   0.01021   0.02134   0.01998   0.01648   0.00000   0.00000   0.01401   0.00422   0.00000   0.00558   0.00991   0.00745   0.00794   0.00564   2.00034   0.99883  
  4 1419.9014   3216.521867  x:  0.02432   0.02988   0.02039   0.04231   0.06170   0.01423   0.04551   0.01640   0.01019   0.00771   0.01526   0.02692   0.02181   0.01894   0.00000   0.02191   0.02686   0.01489   0.01031   0.02140   0.01983   0.01655   0.00000   0.00000   0.01435   0.00106   0.00000   0.00465   0.01046   0.00763   0.00757   0.00552   2.00049   0.99832  
  5 3417.6806   3216.086232  x:  0.02432   0.02989   0.02038   0.04232   0.06166   0.01425   0.04550   0.01642   0.01008   0.00773   0.01527   0.02692   0.02181   0.01895   0.00000   0.02199   0.02690   0.01490   0.01032   0.02141   0.01980   0.01656   0.00000   0.00000   0.01436   0.00000   0.00000   0.00469   0.01059   0.00761   0.00756   0.00552   2.00055   0.99815  
  6 2873.1573   3211.194660  x:  0.02449   0.02990   0.01601   0.04249   0.06090   0.01185   0.04494   0.01365   0.00000   0.00506   0.01142   0.02602   0.02283   0.01771   0.00000   0.01538   0.02875   0.01321   0.00381   0.02003   0.01347   0.01518   0.00000   0.00000   0.01777   0.00000   0.00000   0.00584   0.00307   0.00627   0.00564   0.00524   1.99890   1.00294  
  7 132.7575   3210.439915  x:  0.02458   0.03001   0.01470   0.04257   0.06043   0.01146   0.04476   0.01322   0.00017   0.00454   0.01061   0.02580   0.02302   0.01753   0.00000   0.01431   0.02962   0.01292   0.00245   0.01979   0.01150   0.01491   0.00000   0.00000   0.01889   0.00000   0.00000   0.00625   0.00250   0.00589   0.00461   0.00523   1.99874   1.00329  
  8 992.5445   3209.578595  x:  0.02474   0.03020   0.01248   0.04273   0.05922   0.01043   0.04437   0.01206   0.00023   0.00476   0.00907   0.02535   0.02361   0.01691   0.00000   0.01232   0.03108   0.01207   0.00458   0.01913   0.00871   0.01424   0.00000   0.00000   0.01962   0.00000   0.00000   0.00614   0.00270   0.00465   0.00517   0.00548   1.99917   1.00157  
  9 458.0649   3209.140858  x:  0.02494   0.03048   0.01125   0.04294   0.05754   0.00979   0.04391   0.01130   0.00022   0.00576   0.00873   0.02495   0.02423   0.01630   0.00000   0.01140   0.03260   0.01140   0.00350   0.01851   0.00909   0.01371   0.00000   0.00000   0.01912   0.00000   0.00000   0.00558   0.00451   0.00408   0.00675   0.00590   2.00035   0.99732  
 10 273.9996   3207.748476  x:  0.02597   0.03207   0.00966   0.04397   0.04939   0.01000   0.04180   0.01110   0.00024   0.00683   0.01057   0.02357   0.02606   0.01505   0.00000   0.01100   0.03991   0.01106   0.00413   0.01694   0.01231   0.01309   0.00000   0.00000   0.01834   0.00000   0.00000   0.00527   0.00211   0.00492   0.00671   0.00574   2.00634   0.97547  
 11 296.1026   3205.841670  x:  0.02691   0.03317   0.01608   0.04491   0.04076   0.01076   0.04008   0.01131   0.00026   0.00423   0.00843   0.02340   0.02686   0.01540   0.00000   0.00992   0.04620   0.01204   0.00396   0.01716   0.01058   0.01421   0.00000   0.00000   0.01740   0.00000   0.00000   0.00425   0.00197   0.00800   0.00996   0.00610   2.01778   0.93386  
 12 588.7186   3201.538103  x:  0.02711   0.03198   0.01938   0.04511   0.03797   0.01069   0.04031   0.01139   0.00022   0.00929   0.00826   0.02549   0.02544   0.01724   0.00000   0.01095   0.04898   0.01229   0.00320   0.01950   0.00831   0.01528   0.00000   0.00000   0.01620   0.00000   0.00000   0.00330   0.00032   0.00562   0.01058   0.00627   2.03944   0.85484  
 13 994.9258   3199.829439  x:  0.02715   0.03152   0.02030   0.04516   0.03730   0.01056   0.04041   0.01129   0.00021   0.01045   0.00832   0.02610   0.02505   0.01766   0.00000   0.01080   0.04962   0.01232   0.00308   0.02007   0.00796   0.01554   0.00123   0.00000   0.01613   0.00000   0.00000   0.00313   0.00000   0.00513   0.01057   0.00634   2.04649   0.82911  
 14 19216.1710   3199.829439  x:  0.02715   0.03152   0.02030   0.04516   0.03730   0.01056   0.04041   0.01129   0.00021   0.01045   0.00832   0.02610   0.02505   0.01766   0.00000   0.01080   0.04962   0.01232   0.00308   0.02007   0.00796   0.01554   0.00123   0.00000   0.01613   0.00000   0.00000   0.00313   0.00000   0.00513   0.01057   0.00634   2.04649   0.82911  
 15 16221.2184   3197.242545  x:  0.02713   0.03150   0.02014   0.04514   0.03754   0.01056   0.04046   0.01133   0.00385   0.01015   0.00840   0.02609   0.02506   0.01762   0.00000   0.01083   0.04949   0.01228   0.00332   0.02003   0.00820   0.01548   0.00166   0.00000   0.01582   0.00000   0.00000   0.00342   0.00200   0.00510   0.01031   0.00639   2.04651   0.82901  
 16 3486.3424   3194.960241  x:  0.02703   0.03137   0.01926   0.04504   0.03885   0.01056   0.04071   0.01137   0.00378   0.00838   0.00879   0.02603   0.02510   0.01737   0.00000   0.01101   0.04878   0.01209   0.00436   0.01980   0.00937   0.01517   0.00000   0.00000   0.01448   0.00000   0.00000   0.00333   0.00276   0.00458   0.00895   0.00667   2.04664   0.82842  
 17 634.5814   3193.271851  x:  0.02683   0.03116   0.01765   0.04484   0.04120   0.01051   0.04120   0.01143   0.00369   0.00532   0.00906   0.02593   0.02516   0.01698   0.00000   0.01120   0.04729   0.01183   0.00282   0.01942   0.00983   0.01469   0.00000   0.00000   0.01263   0.00000   0.00000   0.00106   0.00418   0.00391   0.00674   0.00675   2.04692   0.82712  
 18 1061.2702   3192.863341  x:  0.02673   0.03107   0.01692   0.04474   0.04226   0.01046   0.04143   0.01144   0.00369   0.00420   0.00900   0.02588   0.02519   0.01684   0.00000   0.01122   0.04647   0.01176   0.00183   0.01927   0.00939   0.01453   0.00000   0.00000   0.01206   0.00000   0.00000   0.00183   0.00432   0.00377   0.00601   0.00662   2.04708   0.82638  
 19 639.6257   3192.190766  x:  0.02645   0.03090   0.01521   0.04446   0.04480   0.01025   0.04205   0.01142   0.00425   0.00289   0.00834   0.02575   0.02525   0.01662   0.00000   0.01107   0.04404   0.01179   0.00248   0.01900   0.00664   0.01434   0.00000   0.00000   0.01159   0.00000   0.00000   0.00180   0.00355   0.00397   0.00530   0.00590   2.04759   0.82405  
 20 429.6231   3191.277091  x:  0.02583   0.03063   0.01206   0.04384   0.05035   0.00984   0.04348   0.01136   0.00517   0.00525   0.00770   0.02546   0.02538   0.01634   0.00000   0.01081   0.03778   0.01193   0.00209   0.01856   0.00697   0.01418   0.00000   0.00000   0.01130   0.00000   0.00000   0.00162   0.00208   0.00473   0.00604   0.00596   2.04900   0.81759  
 21 330.4010   3190.740725  x:  0.02544   0.03065   0.01160   0.04345   0.05352   0.00964   0.04439   0.01129   0.00415   0.00600   0.00765   0.02530   0.02543   0.01646   0.00000   0.01062   0.03285   0.01216   0.00234   0.01856   0.00661   0.01444   0.00000   0.00000   0.01252   0.00000   0.00000   0.00189   0.00430   0.00544   0.00737   0.00595   2.05030   0.81163  
 22 464.3499   3189.772271  x:  0.02509   0.03110   0.01506   0.04310   0.05640   0.00973   0.04541   0.01132   0.00470   0.00437   0.00875   0.02518   0.02542   0.01714   0.00000   0.01075   0.02497   0.01243   0.00227   0.01917   0.00728   0.01525   0.00000   0.00000   0.01555   0.00000   0.00000   0.00179   0.00341   0.00378   0.00851   0.00606   2.05313   0.79860  
 23 381.3420   3187.971773  x:  0.02534   0.03162   0.01891   0.04334   0.05543   0.00972   0.04555   0.01159   0.00459   0.00508   0.00639   0.02541   0.02529   0.01747   0.00000   0.01155   0.01952   0.01161   0.00232   0.02001   0.00778   0.01492   0.00000   0.00000   0.01555   0.00000   0.00000   0.00178   0.00297   0.00827   0.00394   0.00669   2.06060   0.76402  
 24 293.8934   3173.291125  x:  0.02718   0.03241   0.02368   0.04519   0.04895   0.00907   0.04560   0.01226   0.00288   0.00595   0.01417   0.02694   0.02516   0.01631   0.00000   0.01261   0.00795   0.00890   0.00183   0.02143   0.00542   0.01086   0.00000   0.00000   0.00371   0.00000   0.00000   0.00155   0.00158   0.01512   0.00812   0.00426   2.11456   0.51355  
 25 1480.8324   3151.896878  x:  0.02867   0.03280   0.02368   0.04668   0.04847   0.00864   0.04731   0.01273   0.00113   0.00488   0.01712   0.02835   0.02558   0.01518   0.00000   0.01287   0.00452   0.00891   0.00173   0.02202   0.00547   0.00912   0.00000   0.00000   0.00558   0.00000   0.00000   0.00145   0.00018   0.01953   0.00898   0.00576   2.18043   0.20750  
 26 14569.9329   3150.007523  x:  0.02884   0.03310   0.02503   0.04685   0.04957   0.00869   0.04797   0.01294   0.00083   0.00629   0.01671   0.02857   0.02574   0.01552   0.00000   0.01311   0.00469   0.00899   0.00176   0.02242   0.00501   0.00964   0.00000   0.00000   0.00465   0.00000   0.00000   0.00151   0.00061   0.01809   0.00822   0.00481   2.18979   0.16427  
 27 9809.5335   3149.500399  x:  0.02891   0.03346   0.02632   0.04692   0.05127   0.00877   0.04868   0.01314   0.00104   0.00588   0.01691   0.02871   0.02597   0.01615   0.00000   0.01337   0.00571   0.00908   0.00169   0.02286   0.00517   0.01039   0.00000   0.00000   0.00392   0.00000   0.00000   0.00147   0.00037   0.01950   0.00887   0.00451   2.19234   0.15336  
 28 1104.2662   3148.619061  x:  0.02901   0.03388   0.02782   0.04702   0.05326   0.00886   0.04952   0.01339   0.00128   0.00540   0.01716   0.02889   0.02627   0.01689   0.00000   0.01369   0.00689   0.00920   0.00160   0.02337   0.00534   0.01126   0.00141   0.00000   0.00306   0.00000   0.00000   0.00142   0.00009   0.02115   0.00963   0.00418   2.19536   0.14055  
 29 14795.6765   3148.596552  x:  0.02920   0.03396   0.02785   0.04721   0.05332   0.00893   0.04961   0.01341   0.00130   0.00545   0.01729   0.02901   0.02644   0.01699   0.00000   0.01371   0.00690   0.00937   0.00160   0.02341   0.00517   0.01131   0.00142   0.00000   0.00295   0.00000   0.00000   0.00142   0.00009   0.02115   0.00960   0.00464   2.19565   0.14015  
 30 78.9314   3148.541382  x:  0.03034   0.03438   0.02756   0.04835   0.05335   0.00920   0.05001   0.01351   0.00140   0.00560   0.01804   0.02976   0.02738   0.01737   0.00000   0.01379   0.00680   0.00998   0.00160   0.02354   0.00512   0.01126   0.00140   0.00000   0.00315   0.00000   0.00000   0.00143   0.00009   0.02136   0.00920   0.00444   2.19716   0.13909  
 31 68.8396   3148.504907  x:  0.03131   0.03477   0.02740   0.04932   0.05337   0.00889   0.05041   0.01338   0.00142   0.00550   0.01781   0.03025   0.02786   0.01745   0.00000   0.01356   0.00674   0.00915   0.00160   0.02363   0.00517   0.01154   0.00139   0.00000   0.00317   0.00000   0.00000   0.00143   0.00009   0.02127   0.00935   0.00451   2.19914   0.13866  
 32 47.3589   3148.458000  x:  0.03219   0.03517   0.02752   0.05020   0.05341   0.00848   0.05089   0.01322   0.00132   0.00526   0.01693   0.03050   0.02778   0.01718   0.00000   0.01339   0.00672   0.00969   0.00160   0.02370   0.00537   0.01122   0.00141   0.00000   0.00294   0.00000   0.00000   0.00142   0.00009   0.02111   0.00977   0.00444   2.20296   0.13870  
 33 55.7779   3148.311085  x:  0.03345   0.03570   0.02802   0.05146   0.05418   0.00871   0.05197   0.01362   0.00105   0.00562   0.01712   0.03032   0.02644   0.01620   0.00000   0.01432   0.00711   0.00930   0.00161   0.02361   0.00509   0.01017   0.00141   0.00000   0.00318   0.00000   0.00000   0.00143   0.00008   0.02097   0.00976   0.00452   2.21705   0.13904  
 34 115.0162   3147.836553  x:  0.03524   0.03588   0.02733   0.05324   0.05369   0.00953   0.05353   0.01434   0.00074   0.00582   0.01758   0.02892   0.02316   0.01540   0.00000   0.01507   0.00695   0.01000   0.00160   0.02277   0.00501   0.01351   0.00149   0.00000   0.00301   0.00000   0.00000   0.00144   0.00003   0.02096   0.00934   0.00433   2.26667   0.14071  
 35 414.6474   3144.527138  x:  0.03745   0.03427   0.02531   0.05546   0.05034   0.00819   0.05944   0.01444   0.00233   0.00485   0.01771   0.02038   0.01659   0.02098   0.00000   0.01231   0.00693   0.01005   0.00172   0.02044   0.00575   0.01106   0.00122   0.00000   0.00366   0.00000   0.00000   0.00152   0.00026   0.02072   0.00906   0.00495   2.61360   0.14578  
 36 1290.4287   3135.358483  x:  0.03008   0.02809   0.02383   0.04808   0.04511   0.01339   0.06598   0.00992   0.00230   0.00406   0.01364   0.01908   0.03687   0.01388   0.00000   0.01645   0.00842   0.00995   0.00198   0.02113   0.00674   0.01224   0.00112   0.00000   0.00391   0.00000   0.00000   0.00175   0.00048   0.01808   0.01026   0.00541   3.70829   0.17033  
 37 5018.1022   3131.997014  x:  0.02578   0.03050   0.02269   0.04378   0.04667   0.00829   0.05929   0.01709   0.00135   0.00468   0.01456   0.03215   0.03656   0.01754   0.00000   0.01230   0.00943   0.01045   0.00210   0.02330   0.00668   0.01243   0.00116   0.00000   0.00425   0.00000   0.00000   0.00184   0.00050   0.01696   0.00889   0.00558   4.08330   0.17978  
 38 4754.7178   3130.810803  x:  0.02608   0.03388   0.02218   0.04408   0.04952   0.01037   0.04904   0.01105   0.00157   0.00467   0.01442   0.03664   0.03350   0.01838   0.00000   0.01237   0.00954   0.01040   0.00212   0.02394   0.00674   0.01230   0.00115   0.00000   0.00429   0.00000   0.00000   0.00186   0.00052   0.01688   0.00891   0.00561   4.19718   0.18230  
 39 1398.6722   3130.591407  x:  0.02696   0.03437   0.02224   0.04496   0.05053   0.00961   0.04445   0.01254   0.00189   0.00441   0.01395   0.03595   0.03376   0.01700   0.00000   0.01350   0.00940   0.01050   0.00211   0.02370   0.00683   0.01249   0.00110   0.00000   0.00441   0.00000   0.00000   0.00187   0.00055   0.01691   0.00942   0.00570   4.21966   0.18226  
 40 382.8756   3130.571608  x:  0.02724   0.03410   0.02251   0.04524   0.05093   0.00957   0.04372   0.01258   0.00179   0.00455   0.01416   0.03531   0.03413   0.01703   0.00000   0.01271   0.00948   0.01052   0.00211   0.02358   0.00677   0.01249   0.00112   0.00000   0.00439   0.00000   0.00000   0.00187   0.00054   0.01694   0.00924   0.00567   4.22156   0.18250  
 41 39.9018   3130.568752  x:  0.02731   0.03393   0.02249   0.04531   0.05099   0.00950   0.04357   0.01257   0.00174   0.00457   0.01413   0.03517   0.03422   0.01738   0.00000   0.01291   0.00949   0.01051   0.00211   0.02358   0.00676   0.01248   0.00112   0.00000   0.00438   0.00000   0.00000   0.00187   0.00054   0.01691   0.00925   0.00566   4.22177   0.18256  
 42  8.9171   3130.554813  x:  0.02749   0.03305   0.02244   0.04549   0.05104   0.01006   0.04347   0.01281   0.00176   0.00450   0.01388   0.03541   0.03404   0.01743   0.00000   0.01280   0.00946   0.01043   0.00212   0.02410   0.00682   0.01241   0.00112   0.00000   0.00435   0.00000   0.00000   0.00187   0.00054   0.01685   0.00938   0.00566   4.22188   0.18250  
 43  1.3318   3130.490226  x:  0.02783   0.03095   0.02260   0.04583   0.05124   0.00906   0.04349   0.01216   0.00183   0.00462   0.01419   0.03601   0.03358   0.01690   0.00000   0.01297   0.00953   0.01061   0.00214   0.02492   0.00678   0.01257   0.00113   0.00000   0.00444   0.00000   0.00000   0.00189   0.00054   0.01678   0.00915   0.00570   4.22211   0.18233  
 44 12.8831   3128.564424  x:  0.02948   0.02699   0.02293   0.04746   0.05221   0.00990   0.04455   0.01213   0.00210   0.00566   0.01152   0.03943   0.03307   0.01710   0.00000   0.01309   0.01029   0.01061   0.00271   0.01460   0.00734   0.01274   0.00145   0.00000   0.00435   0.00000   0.00000   0.00241   0.00046   0.01267   0.00827   0.00587   4.22620   0.17980  
 45  7.8856   3124.453174  x:  0.03119   0.03186   0.01731   0.04914   0.05290   0.00984   0.04668   0.01264   0.00211   0.00785   0.00812   0.03568   0.03284   0.01742   0.00000   0.01308   0.01186   0.01114   0.00391   0.01937   0.00844   0.01377   0.00211   0.00000   0.00440   0.00000   0.00000   0.00347   0.00029   0.00367   0.00494   0.00629   4.23426   0.17506  
 46 121.4513   3121.605771  x:  0.03277   0.03447   0.01096   0.05068   0.05779   0.01012   0.04941   0.01282   0.00162   0.00449   0.01228   0.03160   0.03246   0.01790   0.00000   0.01258   0.01411   0.01323   0.00479   0.02064   0.01211   0.01547   0.00224   0.00000   0.00681   0.00000   0.00000   0.00448   0.00039   0.00729   0.00490   0.00886   4.16145   0.17119  
 47  0.2616   3120.487189  x:  0.03259   0.03524   0.01708   0.05047   0.06877   0.00963   0.05370   0.01299   0.00217   0.00428   0.01071   0.02943   0.03167   0.01842   0.00000   0.01269   0.01560   0.01385   0.00521   0.02178   0.01265   0.01649   0.00271   0.00000   0.00736   0.00000   0.00000   0.00530   0.00030   0.00728   0.00673   0.00915   4.20664   0.17510  
 48  0.1128   3119.349463  x:  0.03233   0.03472   0.01540   0.05020   0.06984   0.01034   0.05142   0.01275   0.00324   0.00420   0.01218   0.02987   0.02854   0.01828   0.00000   0.01335   0.01942   0.01356   0.00582   0.02094   0.01358   0.01643   0.00353   0.00000   0.00753   0.00000   0.00000   0.00644   0.00012   0.00401   0.00463   0.00909   4.35604   0.17747  
 49  0.1356   3118.924571  x:  0.03186   0.03444   0.01458   0.04972   0.06698   0.01021   0.04946   0.01242   0.00349   0.00314   0.01023   0.02995   0.02765   0.01823   0.00000   0.01279   0.02126   0.01369   0.00591   0.02090   0.01377   0.01630   0.00383   0.00000   0.00809   0.00000   0.00000   0.00687   0.00000   0.00438   0.00610   0.00914   4.42911   0.17232  
 50  0.1319   3118.561508  x:  0.03187   0.03448   0.01525   0.04974   0.06421   0.01032   0.04936   0.01301   0.00404   0.00405   0.01090   0.02926   0.02796   0.01827   0.00000   0.01308   0.02407   0.01295   0.00606   0.02150   0.01369   0.01572   0.00443   0.00000   0.00769   0.00000   0.00000   0.00751   0.00000   0.00645   0.00561   0.00835   4.52848   0.16961  
 51  0.1372   3118.294429  x:  0.03220   0.03382   0.01471   0.05010   0.06344   0.00962   0.05193   0.01319   0.00443   0.00339   0.01019   0.02862   0.02946   0.01843   0.00000   0.01267   0.02736   0.01279   0.00565   0.02049   0.01350   0.01521   0.00429   0.00000   0.00839   0.00000   0.00000   0.00752   0.00000   0.00582   0.00555   0.00800   4.60708   0.17918  
 52  0.0519   3118.061158  x:  0.03091   0.03335   0.01568   0.04886   0.06574   0.00996   0.05253   0.01261   0.00428   0.00381   0.01052   0.02947   0.02985   0.01795   0.00000   0.01314   0.02991   0.01289   0.00517   0.02029   0.01339   0.01497   0.00402   0.00000   0.00903   0.00000   0.00000   0.00733   0.00000   0.00480   0.00549   0.00796   4.67211   0.16904  
 53  0.0362   3117.816120  x:  0.03212   0.03481   0.01544   0.05012   0.06641   0.01081   0.05112   0.01226   0.00408   0.00388   0.01132   0.03065   0.02934   0.01811   0.00000   0.01356   0.03225   0.01298   0.00432   0.02145   0.01280   0.01552   0.00304   0.00000   0.00926   0.00000   0.00000   0.00635   0.00000   0.00553   0.00564   0.00782   4.57960   0.17229  
 54  0.0424   3117.813992  x:  0.03215   0.03485   0.01544   0.05016   0.06642   0.01084   0.05108   0.01225   0.00407   0.00388   0.01134   0.03069   0.02933   0.01812   0.00000   0.01357   0.03232   0.01299   0.00430   0.02148   0.01279   0.01554   0.00302   0.00000   0.00927   0.00000   0.00000   0.00632   0.00026   0.00555   0.00565   0.00782   4.57711   0.17238  
 55 161.3617   3117.681528  x:  0.03211   0.03488   0.01491   0.05003   0.06603   0.01026   0.05067   0.01353   0.00362   0.00390   0.01080   0.02848   0.02980   0.01857   0.00000   0.01285   0.03406   0.01321   0.00408   0.02160   0.01254   0.01610   0.00227   0.00000   0.00919   0.00000   0.00000   0.00553   0.00130   0.00541   0.00562   0.00794   4.44623   0.16777  
 56  0.0656   3117.392300  x:  0.03154   0.03389   0.01460   0.04942   0.06632   0.00946   0.05051   0.01342   0.00317   0.00382   0.01031   0.03085   0.02843   0.01854   0.00000   0.01290   0.03756   0.01323   0.00403   0.02073   0.01251   0.01629   0.00000   0.00000   0.00927   0.00000   0.00000   0.00334   0.00490   0.00384   0.00571   0.00841   4.27243   0.17058  
 57  0.0516   3117.316375  x:  0.03158   0.03399   0.01480   0.04951   0.06624   0.00965   0.05074   0.01325   0.00338   0.00383   0.01044   0.03058   0.02864   0.01848   0.00000   0.01298   0.03656   0.01315   0.00426   0.02079   0.01266   0.01612   0.00000   0.00000   0.00916   0.00000   0.00000   0.00398   0.00377   0.00415   0.00567   0.00830   4.33819   0.17028  
 58  0.1689   3117.206824  x:  0.03171   0.03463   0.01556   0.04968   0.06668   0.01023   0.05124   0.01249   0.00366   0.00387   0.01092   0.02944   0.02983   0.01807   0.00000   0.01326   0.03626   0.01309   0.00482   0.02103   0.01311   0.01554   0.00000   0.00000   0.00969   0.00000   0.00000   0.00353   0.00434   0.00395   0.00559   0.00834   4.45850   0.16924  
 59  0.0659   3117.156294  x:  0.03177   0.03421   0.01523   0.04994   0.06576   0.01022   0.05130   0.01296   0.00385   0.00384   0.01060   0.02978   0.02947   0.01839   0.00000   0.01305   0.03554   0.01307   0.00516   0.02123   0.01320   0.01568   0.00000   0.00000   0.00990   0.00000   0.00000   0.00292   0.00395   0.00421   0.00571   0.00819   4.49906   0.16955  
 60  0.0197   3117.150359  x:  0.03169   0.03447   0.01523   0.04993   0.06611   0.01011   0.05112   0.01291   0.00387   0.00377   0.01075   0.02951   0.02933   0.01843   0.00000   0.01306   0.03541   0.01315   0.00508   0.02106   0.01313   0.01592   0.00000   0.00000   0.01006   0.00000   0.00000   0.00288   0.00380   0.00418   0.00562   0.00807   4.49584   0.16918  
 61  0.0020   3117.148663  x:  0.03169   0.03438   0.01522   0.04994   0.06615   0.01013   0.05118   0.01290   0.00389   0.00383   0.01073   0.02958   0.02928   0.01840   0.00000   0.01310   0.03535   0.01314   0.00500   0.02106   0.01310   0.01593   0.00000   0.00000   0.01020   0.00000   0.00000   0.00288   0.00387   0.00409   0.00569   0.00799   4.49179   0.16937  
 62  0.0024   3117.148213  x:  0.03168   0.03431   0.01525   0.04994   0.06606   0.01014   0.05119   0.01291   0.00389   0.00379   0.01073   0.02961   0.02931   0.01839   0.00000   0.01307   0.03522   0.01312   0.00499   0.02108   0.01312   0.01588   0.00000   0.00000   0.01028   0.00000   0.00000   0.00290   0.00387   0.00412   0.00565   0.00798   4.48893   0.16929  
 63  0.0019   3117.148137  x:  0.03167   0.03437   0.01523   0.04994   0.06605   0.01014   0.05117   0.01292   0.00389   0.00381   0.01072   0.02960   0.02933   0.01841   0.00000   0.01308   0.03518   0.01310   0.00501   0.02108   0.01313   0.01587   0.00000   0.00000   0.01029   0.00000   0.00000   0.00289   0.00387   0.00412   0.00566   0.00799   4.48557   0.16931  
 64  0.0024   3117.148121  x:  0.03166   0.03437   0.01523   0.04994   0.06608   0.01013   0.05117   0.01291   0.00389   0.00380   0.01072   0.02962   0.02933   0.01841   0.00000   0.01308   0.03520   0.01310   0.00501   0.02108   0.01314   0.01587   0.00000   0.00000   0.01029   0.00000   0.00000   0.00289   0.00387   0.00412   0.00566   0.00799   4.48368   0.16929  
 65  0.0012   3117.148118  x:  0.03166   0.03436   0.01523   0.04995   0.06608   0.01014   0.05117   0.01292   0.00389   0.00381   0.01072   0.02962   0.02933   0.01840   0.00000   0.01308   0.03522   0.01310   0.00501   0.02108   0.01314   0.01587   0.00000   0.00000   0.01030   0.00000   0.00000   0.00290   0.00386   0.00412   0.00566   0.00798   4.48350   0.16929  
 66  0.0001   3117.148118  x:  0.03166   0.03436   0.01523   0.04995   0.06607   0.01014   0.05117   0.01292   0.00389   0.00381   0.01072   0.02962   0.02933   0.01840   0.00000   0.01308   0.03522   0.01310   0.00501   0.02108   0.01313   0.01587   0.00000   0.00000   0.01030   0.00000   0.00000   0.00289   0.00386   0.00412   0.00566   0.00798   4.48358   0.16929  
 67  0.0001   3117.148118  x:  0.03166   0.03436   0.01523   0.04995   0.06607   0.01014   0.05117   0.01292   0.00389   0.00381   0.01072   0.02962   0.02933   0.01840   0.00000   0.01308   0.03522   0.01310   0.00502   0.02108   0.01313   0.01587   0.00000   0.00000   0.01030   0.00000   0.00000   0.00289   0.00387   0.00412   0.00566   0.00798   4.48359   0.16929  
 68  0.0000   3117.148117  x:  0.03165   0.03436   0.01523   0.04996   0.06607   0.01014   0.05117   0.01292   0.00389   0.00381   0.01072   0.02962   0.02933   0.01840   0.00000   0.01308   0.03522   0.01310   0.00502   0.02108   0.01313   0.01587   0.00000   0.00000   0.01030   0.00000   0.00000   0.00289   0.00387   0.00412   0.00566   0.00798   4.48360   0.16929  
 69  0.0000   3117.148117  x:  0.03164   0.03436   0.01523   0.04997   0.06607   0.01014   0.05117   0.01292   0.00389   0.00381   0.01072   0.02962   0.02933   0.01840   0.00000   0.01308   0.03522   0.01310   0.00502   0.02108   0.01313   0.01587   0.00000   0.00000   0.01030   0.00000   0.00000   0.00289   0.00387   0.00412   0.00566   0.00798   4.48361   0.16929  
 70  0.0000   3117.148117  x:  0.03164   0.03436   0.01523   0.04997   0.06607   0.01014   0.05117   0.01292   0.00389   0.00381   0.01072   0.02962   0.02933   0.01840   0.00000   0.01308   0.03522   0.01310   0.00502   0.02108   0.01313   0.01587   0.00000   0.00000   0.01030   0.00000   0.00000   0.00289   0.00387   0.00412   0.00566   0.00798   4.48361   0.16929  