

TREE # 1

  0  0.0000     68.148045  x:  0.00000   0.01958   0.06411   0.02183   0.07583   0.07550   0.03715   0.04393   0.07492   0.02180   0.05635   0.02816   0.02644   0.01801   0.02159   0.06746   0.06228   0.08060   0.05480   0.03768   0.07959   0.04049   0.01419   0.02182   0.01023   0.13631   0.04589   0.03881   0.08381   0.01504   0.02221   0.01867   0.06803   0.01320   0.04924   0.03290   0.03680   0.06840   0.06909   0.08247   0.00773   0.01365   0.03261   0.02357   0.04651   0.03272   0.12437   0.04315   0.04951   0.06906   0.03037   0.13771   0.07413   0.07580   0.13579   0.02897   0.02039   0.09263   0.00937   0.01239   0.00876   0.05274   0.05030   0.06984   0.06801   0.04217   0.01586   0.03021   0.03232   0.07423   0.07899   0.07737   0.05392   0.04662   0.06588   0.03563   0.04717   0.06500   0.01276   0.07614   0.01017   0.00887   0.03616   0.03322   0.07213   2.00000   1.00000  
  1 99.0000     68.147705  x:  0.00000   0.01958   0.06411   0.02183   0.07583   0.07550   0.03715   0.04393   0.07492   0.02180   0.05635   0.02816   0.02644   0.01801   0.02159   0.06746   0.06228   0.08060   0.05480   0.03768   0.07959   0.04049   0.01418   0.02182   0.01023   0.13631   0.04589   0.03881   0.08381   0.01503   0.02220   0.01867   0.06803   0.01320   0.04924   0.03290   0.03680   0.06840   0.06909   0.08247   0.00773   0.01365   0.03260   0.02357   0.04651   0.03272   0.12437   0.04315   0.04951   0.06906   0.03037   0.13771   0.07413   0.07580   0.13579   0.02897   0.02039   0.09263   0.00937   0.01239   0.00876   0.05274   0.05030   0.06984   0.06801   0.04217   0.01586   0.03021   0.03232   0.07423   0.07899   0.07737   0.05392   0.04662   0.06588   0.03563   0.04717   0.06500   0.01276   0.07614   0.01017   0.00887   0.03616   0.03322   0.07213   2.00000   1.00000  
  2 47.3351     65.071060  x:  0.00000   0.01189   0.05643   0.01412   0.06819   0.06786   0.02946   0.03625   0.06728   0.01409   0.04869   0.02046   0.01874   0.01030   0.01388   0.05981   0.05462   0.08077   0.04835   0.03121   0.07317   0.03403   0.00769   0.01533   0.00385   0.13932   0.03969   0.03262   0.07734   0.00854   0.01450   0.01096   0.06038   0.00548   0.04157   0.02521   0.02911   0.06075   0.06144   0.07484   0.00000   0.00593   0.02491   0.01586   0.03883   0.02503   0.12697   0.03587   0.04224   0.06181   0.02309   0.13987   0.06673   0.06809   0.13823   0.02129   0.01262   0.09496   0.00123   0.00427   0.00062   0.04461   0.04258   0.06220   0.06036   0.03449   0.00815   0.02251   0.02463   0.06659   0.07136   0.06973   0.04625   0.03895   0.05834   0.02794   0.03950   0.05734   0.00504   0.06850   0.00244   0.00114   0.02847   0.02553   0.06449   1.99951   1.00032  
  3 1247.0497     64.839413  x:  0.00000   0.01131   0.05586   0.01353   0.06761   0.06728   0.02887   0.03566   0.06669   0.01350   0.04810   0.01987   0.01815   0.00971   0.01329   0.05923   0.05404   0.08054   0.04785   0.03072   0.07268   0.03353   0.00719   0.01484   0.00338   0.13970   0.03922   0.03215   0.07686   0.00804   0.01391   0.01037   0.05980   0.00489   0.04098   0.02462   0.02853   0.06016   0.06086   0.07426   0.00000   0.00535   0.02432   0.01527   0.03825   0.02444   0.12733   0.03532   0.04169   0.06126   0.02254   0.14016   0.06617   0.06752   0.13854   0.02073   0.01203   0.09531   0.00062   0.00365   0.00000   0.04401   0.04199   0.06161   0.05978   0.03391   0.00756   0.02192   0.02404   0.06601   0.07078   0.06915   0.04567   0.03836   0.05777   0.02735   0.03891   0.05676   0.00445   0.06792   0.00186   0.00056   0.02788   0.02494   0.06391   1.99942   0.99996  
  4 3743.9113     64.628761  x:  0.00000   0.01080   0.05534   0.01298   0.06707   0.06673   0.02832   0.03512   0.06615   0.01295   0.04756   0.01932   0.01760   0.00916   0.01274   0.05869   0.05349   0.08071   0.04739   0.03025   0.07222   0.03307   0.00672   0.01437   0.00296   0.13999   0.03878   0.03170   0.07644   0.00758   0.01336   0.00982   0.05925   0.00434   0.04044   0.02407   0.02798   0.05962   0.06031   0.07371   0.00000   0.00479   0.02377   0.01472   0.03770   0.02389   0.12751   0.03481   0.04117   0.06074   0.02203   0.14037   0.06564   0.06702   0.13877   0.02023   0.01148   0.09480   0.00008   0.00307   0.00000   0.04347   0.04145   0.06107   0.05923   0.03336   0.00701   0.02137   0.02349   0.06546   0.07023   0.06861   0.04512   0.03781   0.05723   0.02680   0.03837   0.05621   0.00390   0.06737   0.00130   0.00000   0.02733   0.02439   0.06336   1.99925   0.99884  
  5 691.9182     64.596822  x:  0.00000   0.01072   0.05526   0.01289   0.06698   0.06665   0.02824   0.03503   0.06606   0.01286   0.04747   0.01924   0.01752   0.00907   0.01265   0.05860   0.05341   0.08071   0.04731   0.03017   0.07214   0.03299   0.00665   0.01430   0.00290   0.13990   0.03871   0.03163   0.07637   0.00750   0.01327   0.00973   0.05916   0.00426   0.04035   0.02398   0.02789   0.05953   0.06023   0.07363   0.00000   0.00471   0.02369   0.01464   0.03761   0.02381   0.12740   0.03473   0.04109   0.06067   0.02195   0.14031   0.06555   0.06694   0.13870   0.02015   0.01139   0.09485   0.00000   0.00298   0.00000   0.04339   0.04136   0.06098   0.05915   0.03327   0.00692   0.02129   0.02340   0.06538   0.07015   0.06852   0.04504   0.03773   0.05715   0.02672   0.03828   0.05613   0.00381   0.06729   0.00122   0.00000   0.02724   0.02431   0.06327   1.99922   0.99855  
  6 288.3830     64.091756  x:  0.00000   0.00971   0.05469   0.01168   0.06577   0.06544   0.02703   0.03381   0.06485   0.01165   0.04628   0.01804   0.01631   0.00785   0.01143   0.05739   0.05219   0.08082   0.04478   0.02764   0.06963   0.03046   0.00408   0.01177   0.00201   0.13380   0.03464   0.02758   0.07493   0.00498   0.01207   0.00855   0.05798   0.00303   0.03912   0.02276   0.02670   0.05834   0.05914   0.07249   0.00000   0.00350   0.02247   0.01345   0.03640   0.02259   0.13879   0.03461   0.04079   0.06036   0.02183   0.13483   0.06303   0.06592   0.13467   0.01888   0.00916   0.09469   0.00000   0.00148   0.00000   0.04293   0.03960   0.05978   0.05796   0.03211   0.00573   0.02006   0.02218   0.06415   0.06898   0.06734   0.04384   0.03653   0.05645   0.02549   0.03708   0.05492   0.00260   0.06606   0.00000   0.00000   0.02603   0.02311   0.06207   2.00133   0.98737  
  7 23.7088     63.597996  x:  0.00000   0.00880   0.05468   0.01068   0.06477   0.06445   0.02604   0.03279   0.06384   0.01065   0.04530   0.01707   0.01533   0.00683   0.01043   0.05639   0.05119   0.08090   0.04122   0.02410   0.06613   0.02693   0.00050   0.00824   0.00140   0.13458   0.02827   0.02125   0.07316   0.00149   0.01109   0.00759   0.05702   0.00202   0.03808   0.02174   0.02573   0.05738   0.05834   0.07161   0.00000   0.00250   0.02145   0.01248   0.03539   0.02159   0.13868   0.03542   0.04136   0.06093   0.02264   0.13522   0.05960   0.06505   0.13534   0.01766   0.00636   0.09491   0.00000   0.00000   0.00000   0.04317   0.03762   0.05880   0.05699   0.03118   0.00478   0.01904   0.02117   0.06313   0.06804   0.06639   0.04287   0.03555   0.05634   0.02448   0.03610   0.05392   0.00160   0.06503   0.00000   0.00000   0.02504   0.02213   0.06107   2.00570   0.97250  
  8 27.1542     63.560525  x:  0.00000   0.00878   0.05477   0.01064   0.06473   0.06440   0.02600   0.03274   0.06379   0.01061   0.04527   0.01703   0.01528   0.00678   0.01038   0.05635   0.05114   0.08091   0.04072   0.02361   0.06564   0.02644   0.00000   0.00773   0.00125   0.13437   0.02717   0.02015   0.07291   0.00100   0.01105   0.00756   0.05698   0.00198   0.03803   0.02169   0.02569   0.05734   0.05833   0.07159   0.00000   0.00246   0.02141   0.01245   0.03535   0.02154   0.13874   0.03570   0.04157   0.06114   0.02291   0.13576   0.05914   0.06496   0.13516   0.01753   0.00604   0.09491   0.00000   0.00000   0.00000   0.04334   0.03745   0.05876   0.05695   0.03115   0.00474   0.01899   0.02112   0.06308   0.06801   0.06636   0.04283   0.03551   0.05645   0.02444   0.03606   0.05388   0.00156   0.06498   0.00000   0.00000   0.02500   0.02209   0.06103   2.00634   0.97115  
  9 29.3277     63.492704  x:  0.00000   0.00874   0.05496   0.01057   0.06466   0.06433   0.02593   0.03267   0.06372   0.01053   0.04520   0.01697   0.01521   0.00670   0.01031   0.05627   0.05107   0.08093   0.03968   0.02261   0.06465   0.02544   0.00000   0.00669   0.00093   0.13441   0.02489   0.01787   0.07238   0.00000   0.01098   0.00749   0.05692   0.00190   0.03795   0.02161   0.02563   0.05728   0.05831   0.07154   0.00000   0.00239   0.02133   0.01238   0.03527   0.02147   0.13879   0.03630   0.04202   0.06159   0.02350   0.13583   0.05820   0.06476   0.13519   0.01727   0.00539   0.09494   0.00000   0.00000   0.00000   0.04371   0.03713   0.05869   0.05689   0.03110   0.00468   0.01891   0.02104   0.06300   0.06796   0.06630   0.04277   0.03544   0.05670   0.02436   0.03599   0.05381   0.00148   0.06490   0.00000   0.00000   0.02493   0.02202   0.06096   2.00762   0.96851  
 10 246.0218     63.147683  x:  0.00000   0.00837   0.05581   0.01008   0.06417   0.06385   0.02546   0.03215   0.06321   0.01004   0.04474   0.01652   0.01474   0.00618   0.00981   0.05578   0.05057   0.08104   0.03457   0.01759   0.05970   0.02044   0.00000   0.00158   0.00000   0.13489   0.01430   0.00734   0.07026   0.00000   0.01051   0.00706   0.05649   0.00139   0.03740   0.02109   0.02518   0.05683   0.05809   0.07122   0.00000   0.00190   0.02082   0.01194   0.03478   0.02097   0.13909   0.03891   0.04410   0.06367   0.02607   0.13597   0.05355   0.06396   0.13523   0.01610   0.00204   0.09511   0.00000   0.00000   0.00000   0.04545   0.03530   0.05823   0.05644   0.03071   0.00425   0.01839   0.02053   0.06248   0.06755   0.06587   0.04232   0.03498   0.05773   0.02385   0.03552   0.05332   0.00099   0.06436   0.00000   0.00000   0.02444   0.02156   0.06047   2.01430   0.95379  
 11 455.6120     63.036947  x:  0.00000   0.00818   0.05603   0.00990   0.06399   0.06367   0.02529   0.03196   0.06303   0.00986   0.04458   0.01635   0.01457   0.00600   0.00963   0.05561   0.05039   0.08108   0.03296   0.01599   0.05812   0.01885   0.00000   0.00000   0.00000   0.13345   0.01121   0.00427   0.06996   0.00000   0.01035   0.00691   0.05633   0.00121   0.03721   0.02090   0.02502   0.05667   0.05801   0.07110   0.00000   0.00173   0.02063   0.01178   0.03460   0.02080   0.13910   0.03962   0.04474   0.06430   0.02678   0.13610   0.05208   0.06382   0.13725   0.01586   0.00095   0.09517   0.00000   0.00000   0.00000   0.04597   0.03468   0.05806   0.05627   0.03056   0.00409   0.01820   0.02035   0.06230   0.06740   0.06572   0.04216   0.03482   0.05802   0.02367   0.03535   0.05315   0.00081   0.06417   0.00000   0.00000   0.02427   0.02140   0.06030   2.01641   0.94897  
 12 126.9376     62.948408  x:  0.00000   0.00765   0.05590   0.00967   0.06375   0.06343   0.02505   0.03172   0.06278   0.00963   0.04435   0.01612   0.01434   0.00576   0.00939   0.05537   0.05015   0.08112   0.03186   0.01475   0.05691   0.01763   0.00000   0.00000   0.00000   0.13350   0.01043   0.00350   0.07204   0.00000   0.01012   0.00669   0.05610   0.00098   0.03696   0.02066   0.02480   0.05644   0.05783   0.07090   0.00000   0.00150   0.02039   0.01156   0.03436   0.02056   0.13919   0.03951   0.04512   0.06468   0.02667   0.13615   0.05109   0.06437   0.13724   0.01630   0.00000   0.09522   0.00000   0.00000   0.00000   0.04621   0.03399   0.05783   0.05604   0.03035   0.00387   0.01796   0.02011   0.06205   0.06718   0.06549   0.04192   0.03458   0.05807   0.02342   0.03512   0.05291   0.00058   0.06392   0.00000   0.00000   0.02404   0.02117   0.06006   2.01781   0.94514  
 13 12.7779     62.775730  x:  0.00000   0.00542   0.05486   0.00909   0.06315   0.06283   0.02447   0.03112   0.06218   0.00905   0.04377   0.01556   0.01378   0.00517   0.00882   0.05478   0.04955   0.08119   0.02883   0.01105   0.05326   0.01396   0.00000   0.00000   0.00000   0.13356   0.00946   0.00257   0.08044   0.00000   0.00957   0.00615   0.05555   0.00039   0.03634   0.02006   0.02424   0.05587   0.05743   0.07042   0.00000   0.00092   0.01980   0.01101   0.03377   0.01998   0.13938   0.03865   0.04642   0.06598   0.02581   0.13628   0.04828   0.06876   0.13729   0.02052   0.00000   0.09532   0.00000   0.00000   0.00000   0.04705   0.03175   0.05725   0.05546   0.02982   0.00333   0.01737   0.01952   0.06143   0.06663   0.06492   0.04133   0.03399   0.05833   0.02282   0.03454   0.05230   0.00000   0.06329   0.00000   0.00000   0.02347   0.02062   0.05947   2.02107   0.93746  
 14 17.2709     62.665118  x:  0.00000   0.00386   0.05410   0.00870   0.06275   0.06243   0.02409   0.03072   0.06177   0.00867   0.04338   0.01519   0.01340   0.00478   0.00844   0.05439   0.04916   0.08124   0.02676   0.00853   0.05079   0.01146   0.00000   0.00000   0.00000   0.13360   0.00875   0.00188   0.08609   0.00000   0.00920   0.00580   0.05518   0.00000   0.03593   0.01966   0.02388   0.05549   0.05717   0.07010   0.00000   0.00054   0.01941   0.01064   0.03338   0.01960   0.13951   0.03808   0.04732   0.06688   0.02523   0.13637   0.04636   0.07205   0.13731   0.02371   0.00000   0.09539   0.00000   0.00000   0.00000   0.04765   0.03021   0.05686   0.05507   0.02947   0.00297   0.01697   0.01913   0.06103   0.06626   0.06455   0.04093   0.03359   0.05852   0.02243   0.03416   0.05190   0.00000   0.06287   0.00000   0.00000   0.02310   0.02026   0.05909   2.02330   0.93242  
 15 1915.2287     62.505803  x:  0.00000   0.00187   0.05312   0.00816   0.06218   0.06187   0.02355   0.03015   0.06121   0.00813   0.04284   0.01466   0.01287   0.00423   0.00790   0.05384   0.04860   0.08130   0.02409   0.00524   0.04755   0.00821   0.00000   0.00000   0.00000   0.13365   0.00803   0.00119   0.09359   0.00000   0.00868   0.00530   0.05466   0.00000   0.03535   0.01910   0.02336   0.05496   0.05678   0.06964   0.00000   0.00000   0.01885   0.01013   0.03283   0.01905   0.13968   0.03723   0.04843   0.06800   0.02438   0.13647   0.04387   0.07555   0.13736   0.02706   0.00000   0.09547   0.00000   0.00000   0.00000   0.04835   0.02820   0.05632   0.05453   0.02897   0.00247   0.01642   0.01858   0.06045   0.06574   0.06402   0.04038   0.03304   0.05871   0.02186   0.03362   0.05133   0.00000   0.06228   0.00000   0.00000   0.02257   0.01974   0.05854   2.02608   0.92596  
 16 140.5326     62.363344  x:  0.00000   0.00000   0.05223   0.00771   0.06171   0.06140   0.02309   0.02968   0.06073   0.00768   0.04239   0.01423   0.01243   0.00378   0.00745   0.05338   0.04813   0.08135   0.02150   0.00202   0.04438   0.00501   0.00000   0.00000   0.00000   0.13370   0.00748   0.00066   0.10115   0.00000   0.00825   0.00488   0.05423   0.00000   0.03487   0.01863   0.02293   0.05452   0.05648   0.06927   0.00000   0.00000   0.01839   0.00970   0.03238   0.01860   0.13983   0.03642   0.04964   0.06920   0.02356   0.13656   0.04145   0.07751   0.13741   0.02887   0.00000   0.09554   0.00000   0.00000   0.00000   0.04928   0.02629   0.05587   0.05407   0.02856   0.00205   0.01596   0.01813   0.05997   0.06531   0.06358   0.03992   0.03258   0.05900   0.02139   0.03317   0.05085   0.00000   0.06178   0.00000   0.00000   0.02213   0.01932   0.05808   2.02828   0.92039  
 17 40.9694     62.292240  x:  0.00000   0.00000   0.05153   0.00749   0.06148   0.06117   0.02288   0.02945   0.06051   0.00746   0.04217   0.01402   0.01223   0.00356   0.00724   0.05316   0.04791   0.08137   0.01991   0.00000   0.04239   0.00301   0.00000   0.00000   0.00000   0.13372   0.00730   0.00049   0.10615   0.00000   0.00805   0.00469   0.05404   0.00000   0.03464   0.01841   0.02273   0.05432   0.05636   0.06911   0.00000   0.00000   0.01816   0.00950   0.03216   0.01839   0.13990   0.03588   0.05049   0.07006   0.02301   0.13661   0.03990   0.07792   0.13745   0.02920   0.00000   0.09558   0.00000   0.00000   0.00000   0.05007   0.02506   0.05565   0.05386   0.02837   0.00186   0.01573   0.01791   0.05974   0.06511   0.06337   0.03969   0.03236   0.05929   0.02117   0.03295   0.05061   0.00000   0.06153   0.00000   0.00000   0.02192   0.01912   0.05787   2.02926   0.91753  
 18 52.2257     62.208790  x:  0.00000   0.00000   0.05071   0.00721   0.06118   0.06087   0.02260   0.02915   0.06020   0.00718   0.04189   0.01376   0.01196   0.00327   0.00696   0.05287   0.04761   0.08141   0.01755   0.00000   0.03942   0.00000   0.00000   0.00000   0.00000   0.13375   0.00706   0.00027   0.11370   0.00000   0.00778   0.00444   0.05379   0.00000   0.03434   0.01811   0.02247   0.05405   0.05622   0.06891   0.00000   0.00000   0.01787   0.00924   0.03187   0.01810   0.14001   0.03506   0.05182   0.07140   0.02218   0.13667   0.03754   0.07820   0.13750   0.02936   0.00000   0.09563   0.00000   0.00000   0.00000   0.05138   0.02333   0.05537   0.05357   0.02813   0.00160   0.01544   0.01762   0.05943   0.06484   0.06310   0.03940   0.03206   0.05977   0.02087   0.03267   0.05029   0.00000   0.06120   0.00000   0.00000   0.02165   0.01886   0.05758   2.03058   0.91360  
 19 339.9692     62.122952  x:  0.00000   0.00000   0.04960   0.00686   0.06082   0.06051   0.02225   0.02879   0.05984   0.00684   0.04155   0.01343   0.01162   0.00292   0.00662   0.05252   0.04725   0.08145   0.01531   0.00000   0.03661   0.00000   0.00000   0.00000   0.00000   0.13378   0.00677   0.00000   0.12062   0.00000   0.00746   0.00413   0.05347   0.00000   0.03398   0.01775   0.02215   0.05372   0.05602   0.06864   0.00000   0.00000   0.01751   0.00892   0.03152   0.01776   0.14011   0.03437   0.05295   0.07253   0.02147   0.13673   0.03548   0.07887   0.13755   0.02990   0.00000   0.09569   0.00000   0.00000   0.00000   0.05242   0.02152   0.05503   0.05322   0.02782   0.00129   0.01508   0.01726   0.05906   0.06452   0.06277   0.03905   0.03171   0.06009   0.02051   0.03232   0.04991   0.00000   0.06080   0.00000   0.00000   0.02131   0.01854   0.05723   2.03203   0.90961  
 20 89.2394     61.768951  x:  0.00000   0.00000   0.04503   0.00549   0.05944   0.05914   0.02090   0.02739   0.05844   0.00547   0.04021   0.01211   0.01029   0.00153   0.00525   0.05115   0.04587   0.08154   0.00844   0.00000   0.02854   0.00000   0.00000   0.00000   0.00000   0.13387   0.00193   0.00000   0.13487   0.00000   0.00614   0.00286   0.05221   0.00000   0.03261   0.01634   0.02085   0.05242   0.05502   0.06748   0.00000   0.00000   0.01612   0.00761   0.03015   0.01640   0.14033   0.03483   0.05554   0.07510   0.02190   0.13689   0.03128   0.08178   0.13765   0.03253   0.00000   0.09582   0.00000   0.00000   0.00000   0.05431   0.01570   0.05370   0.05189   0.02658   0.00000   0.01369   0.01588   0.05765   0.06324   0.06147   0.03768   0.03032   0.06034   0.01911   0.03098   0.04847   0.00000   0.05931   0.00000   0.00000   0.01998   0.01723   0.05587   2.03624   0.89977  
 21 20.8148     61.678419  x:  0.00000   0.00000   0.04394   0.00513   0.05909   0.05879   0.02055   0.02703   0.05809   0.00512   0.03987   0.01176   0.00994   0.00116   0.00489   0.05080   0.04552   0.08155   0.00666   0.00000   0.02653   0.00000   0.00000   0.00000   0.00000   0.13388   0.00000   0.00000   0.13730   0.00000   0.00579   0.00252   0.05189   0.00000   0.03226   0.01598   0.02050   0.05209   0.05476   0.06718   0.00000   0.00000   0.01576   0.00727   0.02979   0.01604   0.14036   0.03560   0.05615   0.07570   0.02265   0.13692   0.03048   0.08236   0.13766   0.03307   0.00000   0.09584   0.00000   0.00000   0.00000   0.05485   0.01431   0.05336   0.05155   0.02625   0.00000   0.01332   0.01552   0.05728   0.06292   0.06113   0.03732   0.02996   0.06038   0.01875   0.03063   0.04809   0.00000   0.05893   0.00000   0.00000   0.01963   0.01689   0.05552   2.03694   0.89826  
 22 32.4266     61.429593  x:  0.00000   0.00000   0.04082   0.00400   0.05799   0.05769   0.01945   0.02588   0.05697   0.00398   0.03879   0.01068   0.00883   0.00000   0.00375   0.04969   0.04440   0.08158   0.00076   0.00000   0.02000   0.00000   0.00000   0.00000   0.00000   0.13391   0.00000   0.00000   0.14347   0.00000   0.00469   0.00145   0.05090   0.00000   0.03118   0.01482   0.01943   0.05106   0.05396   0.06624   0.00000   0.00000   0.01461   0.00619   0.02867   0.01491   0.14043   0.03946   0.05818   0.07770   0.02644   0.13698   0.02797   0.08385   0.13768   0.03446   0.00000   0.09590   0.00000   0.00000   0.00000   0.05714   0.00999   0.05230   0.05048   0.02523   0.00000   0.01217   0.01438   0.05615   0.06190   0.06009   0.03621   0.02883   0.06060   0.01760   0.02953   0.04692   0.00000   0.05771   0.00000   0.00000   0.01851   0.01580   0.05441   2.03873   0.89469  
 23 137.5057     61.396398  x:  0.00000   0.00000   0.04039   0.00385   0.05784   0.05755   0.01931   0.02573   0.05682   0.00384   0.03865   0.01054   0.00869   0.00000   0.00361   0.04954   0.04425   0.08159   0.00000   0.00000   0.01916   0.00000   0.00000   0.00000   0.00000   0.13391   0.00000   0.00000   0.14431   0.00000   0.00454   0.00131   0.05077   0.00000   0.03104   0.01467   0.01929   0.05092   0.05385   0.06612   0.00000   0.00000   0.01446   0.00605   0.02852   0.01476   0.14044   0.03981   0.05844   0.07796   0.02679   0.13699   0.02764   0.08406   0.13768   0.03465   0.00000   0.09591   0.00000   0.00000   0.00000   0.05737   0.00942   0.05216   0.05034   0.02510   0.00000   0.01202   0.01423   0.05600   0.06176   0.05996   0.03607   0.02868   0.06062   0.01745   0.02939   0.04676   0.00000   0.05756   0.00000   0.00000   0.01837   0.01566   0.05427   2.03906   0.89415  
 24 345.6914     61.080100  x:  0.00000   0.00000   0.03644   0.00245   0.05649   0.05621   0.01795   0.02432   0.05545   0.00244   0.03734   0.00921   0.00733   0.00000   0.00220   0.04818   0.04288   0.08164   0.00000   0.00000   0.00961   0.00000   0.00000   0.00000   0.00000   0.13396   0.00000   0.00000   0.15221   0.00000   0.00319   0.00000   0.04954   0.00000   0.02967   0.01325   0.01797   0.04964   0.05288   0.06499   0.00000   0.00000   0.01305   0.00472   0.02714   0.01337   0.14054   0.04102   0.06157   0.08108   0.02791   0.13707   0.02293   0.08562   0.13773   0.03608   0.00000   0.09600   0.00000   0.00000   0.00000   0.05907   0.00383   0.05086   0.04904   0.02385   0.00000   0.01059   0.01282   0.05460   0.06053   0.05869   0.03472   0.02730   0.06133   0.01604   0.02804   0.04533   0.00000   0.05607   0.00000   0.00000   0.01701   0.01432   0.05292   2.04353   0.88885  
 25 47.3957     60.859081  x:  0.00000   0.00000   0.03399   0.00158   0.05567   0.05539   0.01712   0.02344   0.05460   0.00157   0.03654   0.00838   0.00649   0.00000   0.00132   0.04735   0.04203   0.08166   0.00000   0.00000   0.00205   0.00000   0.00000   0.00000   0.00000   0.13399   0.00000   0.00000   0.15566   0.00000   0.00234   0.00000   0.04878   0.00000   0.02880   0.01235   0.01716   0.04886   0.05233   0.06433   0.00000   0.00000   0.01216   0.00390   0.02627   0.01250   0.14061   0.04018   0.06422   0.08376   0.02699   0.13711   0.01856   0.08655   0.13776   0.03695   0.00000   0.09605   0.00000   0.00000   0.00000   0.05979   0.00000   0.05007   0.04825   0.02309   0.00000   0.00968   0.01192   0.05373   0.05980   0.05794   0.03391   0.02645   0.06233   0.01516   0.02722   0.04445   0.00000   0.05516   0.00000   0.00000   0.01615   0.01349   0.05209   2.04659   0.88579  
 26 62.3743     60.807520  x:  0.00000   0.00000   0.03343   0.00136   0.05547   0.05520   0.01692   0.02323   0.05440   0.00136   0.03635   0.00819   0.00628   0.00000   0.00111   0.04715   0.04183   0.08167   0.00000   0.00000   0.00000   0.00000   0.00000   0.00000   0.00000   0.13400   0.00000   0.00000   0.15620   0.00000   0.00213   0.00000   0.04861   0.00000   0.02859   0.01213   0.01697   0.04868   0.05221   0.06417   0.00000   0.00000   0.01194   0.00370   0.02607   0.01229   0.14062   0.03979   0.06496   0.08451   0.02657   0.13712   0.01728   0.08677   0.13776   0.03716   0.00000   0.09606   0.00000   0.00000   0.00000   0.05996   0.00000   0.04988   0.04807   0.02291   0.00000   0.00946   0.01171   0.05353   0.05963   0.05777   0.03372   0.02625   0.06266   0.01495   0.02702   0.04425   0.00000   0.05494   0.00000   0.00000   0.01595   0.01329   0.05189   2.04728   0.88514  
 27 240.3742     60.590536  x:  0.00000   0.00000   0.03086   0.00027   0.05449   0.05423   0.01589   0.02215   0.05338   0.00027   0.03540   0.00718   0.00524   0.00000   0.00000   0.04614   0.04080   0.08169   0.00000   0.00000   0.00000   0.00000   0.00000   0.00000   0.00000   0.13402   0.00000   0.00000   0.15839   0.00000   0.00108   0.00000   0.04772   0.00000   0.02752   0.01102   0.01598   0.04775   0.05163   0.06344   0.00000   0.00000   0.01084   0.00269   0.02500   0.01121   0.14067   0.03757   0.06920   0.08882   0.02421   0.13715   0.00944   0.08775   0.13777   0.03810   0.00000   0.09610   0.00000   0.00000   0.00000   0.06140   0.00000   0.04894   0.04715   0.02201   0.00000   0.00833   0.01059   0.05247   0.05880   0.05689   0.03275   0.02525   0.06478   0.01386   0.02602   0.04319   0.00000   0.05382   0.00000   0.00000   0.01489   0.01226   0.05089   2.05039   0.88239  
 28 144.2862     60.538396  x:  0.00000   0.00000   0.03020   0.00001   0.05424   0.05399   0.01564   0.02188   0.05313   0.00000   0.03516   0.00694   0.00498   0.00000   0.00000   0.04589   0.04054   0.08169   0.00000   0.00000   0.00000   0.00000   0.00000   0.00000   0.00000   0.13403   0.00000   0.00000   0.15946   0.00000   0.00083   0.00000   0.04749   0.00000   0.02725   0.01075   0.01573   0.04752   0.05147   0.06324   0.00000   0.00000   0.01058   0.00245   0.02474   0.01094   0.14069   0.03705   0.07003   0.08967   0.02366   0.13716   0.00807   0.08795   0.13778   0.03828   0.00000   0.09612   0.00000   0.00000   0.00000   0.06151   0.00000   0.04871   0.04692   0.02178   0.00000   0.00805   0.01032   0.05221   0.05858   0.05667   0.03251   0.02499   0.06510   0.01360   0.02578   0.04293   0.00000   0.05354   0.00000   0.00000   0.01463   0.01201   0.05064   2.05147   0.88152  
 29 98.5428     60.537537  x:  0.00000   0.00000   0.03019   0.00000   0.05424   0.05399   0.01564   0.02188   0.05313   0.00000   0.03516   0.00693   0.00498   0.00000   0.00000   0.04588   0.04054   0.08169   0.00000   0.00000   0.00000   0.00000   0.00000   0.00000   0.00000   0.13403   0.00000   0.00000   0.15949   0.00000   0.00082   0.00000   0.04749   0.00000   0.02725   0.01074   0.01573   0.04751   0.05146   0.06323   0.00000   0.00000   0.01057   0.00244   0.02474   0.01094   0.14069   0.03704   0.07004   0.08968   0.02365   0.13716   0.00807   0.08795   0.13778   0.03828   0.00000   0.09612   0.00000   0.00000   0.00000   0.06150   0.00000   0.04870   0.04691   0.02178   0.00000   0.00805   0.01032   0.05220   0.05857   0.05666   0.03251   0.02499   0.06510   0.01359   0.02577   0.04293   0.00000   0.05354   0.00000   0.00000   0.01463   0.01201   0.05064   2.05150   0.88151  
 30 28.2268     60.384647  x:  0.00000   0.00000   0.02837   0.00000   0.05343   0.05317   0.01484   0.02105   0.05231   0.00000   0.03436   0.00613   0.00416   0.00000   0.00000   0.04506   0.03972   0.08171   0.00000   0.00000   0.00000   0.00000   0.00000   0.00000   0.00000   0.13407   0.00000   0.00000   0.16591   0.00000   0.00000   0.00000   0.04666   0.00000   0.02637   0.00989   0.01493   0.04670   0.05075   0.06250   0.00000   0.00000   0.00974   0.00163   0.02392   0.01012   0.14074   0.03576   0.07212   0.09174   0.02233   0.13721   0.00886   0.08793   0.13783   0.03822   0.00000   0.09616   0.00000   0.00000   0.00000   0.05886   0.00000   0.04790   0.04611   0.02099   0.00000   0.00721   0.00948   0.05137   0.05780   0.05588   0.03166   0.02411   0.06478   0.01276   0.02496   0.04211   0.00000   0.05271   0.00000   0.00000   0.01381   0.01120   0.04983   2.05624   0.87871  
 31 34.8682     60.099814  x:  0.00000   0.00000   0.02539   0.00000   0.05180   0.05156   0.01326   0.01939   0.05067   0.00000   0.03276   0.00452   0.00252   0.00000   0.00000   0.04344   0.03808   0.08174   0.00000   0.00000   0.00000   0.00000   0.00000   0.00000   0.00000   0.13412   0.00000   0.00000   0.17844   0.00000   0.00000   0.00000   0.04500   0.00000   0.02456   0.00817   0.01333   0.04506   0.04935   0.06105   0.00000   0.00000   0.00807   0.00000   0.02226   0.00846   0.14082   0.03347   0.07733   0.09692   0.01989   0.13732   0.01196   0.08768   0.13793   0.03794   0.00000   0.09623   0.00000   0.00000   0.00000   0.05197   0.00000   0.04628   0.04452   0.01939   0.00000   0.00550   0.00779   0.04970   0.05625   0.05432   0.02994   0.02232   0.06432   0.01108   0.02333   0.04051   0.00000   0.05107   0.00000   0.00000   0.01217   0.00959   0.04823   2.06504   0.87386  
 32 105.1177     59.678191  x:  0.00000   0.00000   0.02085   0.00000   0.04932   0.04909   0.01085   0.01686   0.04818   0.00000   0.03032   0.00207   0.00000   0.00000   0.00000   0.04095   0.03559   0.08179   0.00000   0.00000   0.00000   0.00000   0.00000   0.00000   0.00000   0.13420   0.00000   0.00000   0.19758   0.00000   0.00000   0.00000   0.04246   0.00000   0.02180   0.00553   0.01088   0.04255   0.04721   0.05883   0.00000   0.00000   0.00551   0.00000   0.01973   0.00592   0.14094   0.02997   0.08531   0.10486   0.01617   0.13747   0.01670   0.08730   0.13808   0.03750   0.00000   0.09634   0.00000   0.00000   0.00000   0.04143   0.00000   0.04382   0.04209   0.01695   0.00000   0.00290   0.00521   0.04716   0.05389   0.05194   0.02731   0.01959   0.06362   0.00851   0.02084   0.03806   0.00000   0.04858   0.00000   0.00000   0.00967   0.00712   0.04578   2.07846   0.86646  
 33 2330483.4104     59.335082  x:  0.00000   0.00000   0.01706   0.00000   0.04724   0.04702   0.00882   0.01474   0.04609   0.00000   0.02828   0.00000   0.00000   0.00000   0.00000   0.03886   0.03349   0.08183   0.00000   0.00000   0.00000   0.00000   0.00000   0.00000   0.00000   0.13427   0.00000   0.00000   0.21353   0.00000   0.00000   0.00000   0.04033   0.00000   0.01949   0.00332   0.00883   0.04045   0.04542   0.05698   0.00000   0.00000   0.00337   0.00000   0.01762   0.00379   0.14104   0.02705   0.09194   0.11146   0.01308   0.13760   0.02064   0.08698   0.13821   0.03713   0.00000   0.09642   0.00000   0.00000   0.00000   0.03266   0.00000   0.04176   0.04005   0.01491   0.00000   0.00073   0.00305   0.04503   0.05191   0.04995   0.02511   0.01730   0.06302   0.00635   0.01875   0.03601   0.00000   0.04649   0.00000   0.00000   0.00757   0.00505   0.04373   2.08968   0.86029  
 34 37970.0859     59.225114  x:  0.00000   0.00000   0.01580   0.00000   0.04655   0.04633   0.00815   0.01403   0.04539   0.00000   0.02760   0.00000   0.00000   0.00000   0.00000   0.03817   0.03280   0.08185   0.00000   0.00000   0.00000   0.00000   0.00000   0.00000   0.00000   0.13429   0.00000   0.00000   0.21887   0.00000   0.00000   0.00000   0.03962   0.00000   0.01872   0.00259   0.00815   0.03976   0.04482   0.05636   0.00000   0.00000   0.00266   0.00000   0.01691   0.00309   0.14108   0.02608   0.09415   0.11366   0.01204   0.13765   0.02196   0.08688   0.13825   0.03701   0.00000   0.09645   0.00000   0.00000   0.00000   0.02973   0.00000   0.04107   0.03938   0.01423   0.00000   0.00000   0.00233   0.04432   0.05125   0.04928   0.02438   0.01654   0.06283   0.00563   0.01806   0.03533   0.00000   0.04580   0.00000   0.00000   0.00687   0.00436   0.04305   2.09342   0.85823  
 35 11322.4414     58.849009  x:  0.00000   0.00000   0.01262   0.00000   0.04426   0.04404   0.00591   0.01171   0.04309   0.00000   0.02522   0.00000   0.00000   0.00000   0.00000   0.03589   0.03041   0.08188   0.00000   0.00000   0.00000   0.00000   0.00000   0.00000   0.00000   0.13435   0.00000   0.00000   0.23301   0.00000   0.00000   0.00000   0.03730   0.00000   0.01625   0.00022   0.00589   0.03745   0.04279   0.05427   0.00000   0.00000   0.00033   0.00000   0.01463   0.00081   0.14115   0.02362   0.09896   0.11844   0.00956   0.13775   0.02472   0.08630   0.13835   0.03643   0.00000   0.09653   0.00000   0.00000   0.00000   0.02260   0.00000   0.03880   0.03710   0.01198   0.00000   0.00000   0.00000   0.04201   0.04902   0.04704   0.02199   0.01409   0.06170   0.00329   0.01576   0.03306   0.00000   0.04352   0.00000   0.00000   0.00459   0.00211   0.04080   2.10352   0.85319  
 36 195.5637     58.814073  x:  0.00000   0.00000   0.01245   0.00000   0.04404   0.04383   0.00570   0.01150   0.04288   0.00000   0.02499   0.00000   0.00000   0.00000   0.00000   0.03568   0.03018   0.08188   0.00000   0.00000   0.00000   0.00000   0.00000   0.00000   0.00000   0.13435   0.00000   0.00000   0.23438   0.00000   0.00000   0.00000   0.03708   0.00000   0.01603   0.00000   0.00568   0.03723   0.04259   0.05407   0.00000   0.00000   0.00011   0.00000   0.01442   0.00060   0.14116   0.02338   0.09925   0.11872   0.00933   0.13776   0.02499   0.08623   0.13836   0.03636   0.00000   0.09654   0.00000   0.00000   0.00000   0.02203   0.00000   0.03858   0.03689   0.01176   0.00000   0.00000   0.00000   0.04179   0.04880   0.04683   0.02176   0.01386   0.06152   0.00307   0.01555   0.03285   0.00000   0.04332   0.00000   0.00000   0.00438   0.00190   0.04059   2.10440   0.85277  
 37 197.1340     58.796937  x:  0.00000   0.00000   0.01240   0.00000   0.04393   0.04372   0.00560   0.01139   0.04277   0.00000   0.02486   0.00000   0.00000   0.00000   0.00000   0.03557   0.03006   0.08188   0.00000   0.00000   0.00000   0.00000   0.00000   0.00000   0.00000   0.13436   0.00000   0.00000   0.23509   0.00000   0.00000   0.00000   0.03697   0.00000   0.01591   0.00000   0.00558   0.03712   0.04249   0.05397   0.00000   0.00000   0.00000   0.00000   0.01431   0.00050   0.14116   0.02325   0.09936   0.11883   0.00921   0.13776   0.02513   0.08620   0.13837   0.03633   0.00000   0.09654   0.00000   0.00000   0.00000   0.02176   0.00000   0.03847   0.03677   0.01166   0.00000   0.00000   0.00000   0.04168   0.04869   0.04672   0.02165   0.01375   0.06142   0.00296   0.01544   0.03275   0.00000   0.04321   0.00000   0.00000   0.00428   0.00179   0.04048   2.10483   0.85257  
 38 899.8423     58.719429  x:  0.00000   0.00000   0.01132   0.00000   0.04344   0.04323   0.00511   0.01089   0.04227   0.00000   0.02437   0.00000   0.00000   0.00000   0.00000   0.03507   0.02956   0.08189   0.00000   0.00000   0.00000   0.00000   0.00000   0.00000   0.00000   0.13437   0.00000   0.00000   0.23835   0.00000   0.00000   0.00000   0.03648   0.00000   0.01539   0.00000   0.00509   0.03663   0.04204   0.05351   0.00000   0.00000   0.00000   0.00000   0.01381   0.00000   0.14118   0.02275   0.10014   0.11960   0.00872   0.13779   0.02572   0.08599   0.13840   0.03611   0.00000   0.09656   0.00000   0.00000   0.00000   0.02021   0.00000   0.03798   0.03629   0.01117   0.00000   0.00000   0.00000   0.04118   0.04821   0.04623   0.02114   0.01323   0.06113   0.00246   0.01495   0.03225   0.00000   0.04271   0.00000   0.00000   0.00378   0.00131   0.03999   2.10691   0.85147  
 39 273.1236     58.505557  x:  0.00000   0.00000   0.00556   0.00000   0.04220   0.04199   0.00383   0.00959   0.04099   0.00000   0.02324   0.00000   0.00000   0.00000   0.00000   0.03378   0.02835   0.08191   0.00000   0.00000   0.00000   0.00000   0.00000   0.00000   0.00000   0.13441   0.00000   0.00000   0.24731   0.00000   0.00000   0.00000   0.03525   0.00000   0.01411   0.00000   0.00382   0.03538   0.04092   0.05233   0.00000   0.00000   0.00000   0.00000   0.01247   0.00000   0.14122   0.02163   0.10185   0.12129   0.00764   0.13785   0.02686   0.08521   0.13847   0.03530   0.00000   0.09660   0.00000   0.00000   0.00000   0.01544   0.00000   0.03675   0.03507   0.00993   0.00000   0.00000   0.00000   0.03987   0.04703   0.04503   0.01986   0.01191   0.06068   0.00115   0.01369   0.03089   0.00000   0.04131   0.00000   0.00000   0.00247   0.00000   0.03871   2.11240   0.84837  
 40 167.5956     58.333785  x:  0.00000   0.00000   0.00000   0.00000   0.04124   0.04103   0.00281   0.00856   0.03999   0.00000   0.02239   0.00000   0.00000   0.00000   0.00000   0.03276   0.02742   0.08192   0.00000   0.00000   0.00000   0.00000   0.00000   0.00000   0.00000   0.13444   0.00000   0.00000   0.25483   0.00000   0.00000   0.00000   0.03431   0.00000   0.01312   0.00000   0.00283   0.03440   0.04003   0.05140   0.00000   0.00000   0.00000   0.00000   0.01141   0.00000   0.14126   0.02072   0.10286   0.12230   0.00680   0.13790   0.02760   0.08451   0.13854   0.03457   0.00000   0.09664   0.00000   0.00000   0.00000   0.01138   0.00000   0.03579   0.03413   0.00896   0.00000   0.00000   0.00000   0.03884   0.04612   0.04410   0.01888   0.01088   0.06036   0.00013   0.01271   0.02979   0.00000   0.04018   0.00000   0.00000   0.00143   0.00000   0.03770   2.11679   0.84590  
 41 688.4418     58.315668  x:  0.00000   0.00000   0.00000   0.00000   0.04113   0.04092   0.00267   0.00842   0.03986   0.00000   0.02233   0.00000   0.00000   0.00000   0.00000   0.03263   0.02734   0.08192   0.00000   0.00000   0.00000   0.00000   0.00000   0.00000   0.00000   0.13445   0.00000   0.00000   0.25584   0.00000   0.00000   0.00000   0.03420   0.00000   0.01301   0.00000   0.00271   0.03428   0.03993   0.05128   0.00000   0.00000   0.00000   0.00000   0.01126   0.00000   0.14127   0.02067   0.10296   0.12240   0.00675   0.13790   0.02757   0.08442   0.13855   0.03447   0.00000   0.09664   0.00000   0.00000   0.00000   0.01060   0.00000   0.03568   0.03403   0.00885   0.00000   0.00000   0.00000   0.03870   0.04602   0.04400   0.01877   0.01076   0.06043   0.00000   0.01260   0.02964   0.00000   0.04001   0.00000   0.00000   0.00129   0.00000   0.03757   2.11737   0.84553  
 42 100.3898     58.157370  x:  0.00000   0.00000   0.00000   0.00000   0.04011   0.03991   0.00145   0.00721   0.03872   0.00000   0.02175   0.00000   0.00000   0.00000   0.00000   0.03143   0.02652   0.08195   0.00000   0.00000   0.00000   0.00000   0.00000   0.00000   0.00000   0.13450   0.00000   0.00000   0.26513   0.00000   0.00000   0.00000   0.03323   0.00000   0.01199   0.00000   0.00156   0.03323   0.03899   0.05023   0.00000   0.00000   0.00000   0.00000   0.00991   0.00000   0.14132   0.02013   0.10404   0.12347   0.00629   0.13797   0.02751   0.08357   0.13863   0.03357   0.00000   0.09670   0.00000   0.00000   0.00000   0.00363   0.00000   0.03466   0.03308   0.00778   0.00000   0.00000   0.00000   0.03748   0.04513   0.04306   0.01774   0.00964   0.06096   0.00000   0.01152   0.02823   0.00000   0.03849   0.00000   0.00000   0.00000   0.00000   0.03637   2.12272   0.84216  
 43 24022.6206     58.157370  x:  0.00000   0.00000   0.00000   0.00000   0.04011   0.03991   0.00145   0.00721   0.03872   0.00000   0.02175   0.00000   0.00000   0.00000   0.00000   0.03143   0.02652   0.08195   0.00000   0.00000   0.00000   0.00000   0.00000   0.00000   0.00000   0.13450   0.00000   0.00000   0.26513   0.00000   0.00000   0.00000   0.03323   0.00000   0.01199   0.00000   0.00156   0.03323   0.03899   0.05023   0.00000   0.00000   0.00000   0.00000   0.00991   0.00000   0.14132   0.02013   0.10404   0.12347   0.00629   0.13797   0.02751   0.08357   0.13863   0.03357   0.00000   0.09670   0.00000   0.00000   0.00000   0.00363   0.00000   0.03466   0.03308   0.00778   0.00000   0.00000   0.00000   0.03748   0.04513   0.04306   0.01774   0.00964   0.06096   0.00000   0.01152   0.02823   0.00000   0.03849   0.00000   0.00000   0.00000   0.00000   0.03637   2.12272   0.84216  
 44 872.9887     57.855095  x:  0.00000   0.00000   0.00000   0.00000   0.03868   0.03847   0.00000   0.00576   0.03728   0.00000   0.02031   0.00000   0.00000   0.00000   0.00000   0.02999   0.02508   0.08402   0.00000   0.00000   0.00000   0.00000   0.00000   0.00000   0.00000   0.13539   0.00000   0.00000   0.26396   0.00000   0.00000   0.00000   0.03180   0.00000   0.01055   0.00000   0.00011   0.03179   0.03756   0.04880   0.00000   0.00000   0.00000   0.00000   0.00846   0.00000   0.14192   0.01877   0.10270   0.12214   0.00493   0.13862   0.02611   0.08215   0.13931   0.03216   0.00000   0.09826   0.00000   0.00000   0.00000   0.00211   0.00000   0.03322   0.03164   0.00633   0.00000   0.00000   0.00000   0.03604   0.04369   0.04162   0.01630   0.00819   0.05955   0.00000   0.01007   0.02679   0.00000   0.03705   0.00000   0.00000   0.00000   0.00000   0.03493   2.12261   0.84216  
 45 33.0828     57.834495  x:  0.00000   0.00000   0.00000   0.00000   0.03857   0.03836   0.00000   0.00565   0.03717   0.00000   0.02020   0.00000   0.00000   0.00000   0.00000   0.02988   0.02497   0.08401   0.00000   0.00000   0.00000   0.00000   0.00000   0.00000   0.00000   0.13543   0.00000   0.00000   0.26387   0.00000   0.00000   0.00000   0.03169   0.00000   0.01044   0.00000   0.00000   0.03168   0.03745   0.04869   0.00000   0.00000   0.00000   0.00000   0.00835   0.00000   0.14195   0.01866   0.10260   0.12203   0.00482   0.13866   0.02601   0.08204   0.13934   0.03205   0.00000   0.09829   0.00000   0.00000   0.00000   0.00200   0.00000   0.03311   0.03153   0.00622   0.00000   0.00000   0.00000   0.03593   0.04358   0.04151   0.01619   0.00808   0.05944   0.00000   0.00996   0.02668   0.00000   0.03694   0.00000   0.00000   0.00000   0.00000   0.03482   2.12261   0.84218  
 46 388.0340     57.490770  x:  0.00000   0.00000   0.00000   0.00000   0.03669   0.03648   0.00000   0.00376   0.03529   0.00000   0.01832   0.00000   0.00000   0.00000   0.00000   0.02799   0.02309   0.08355   0.00000   0.00000   0.00000   0.00000   0.00000   0.00000   0.00000   0.13642   0.00000   0.00000   0.26234   0.00000   0.00000   0.00000   0.02980   0.00000   0.00855   0.00000   0.00000   0.02980   0.03557   0.04681   0.00000   0.00000   0.00000   0.00000   0.00646   0.00000   0.14263   0.01688   0.10084   0.12028   0.00304   0.13939   0.02418   0.08018   0.14011   0.03021   0.00000   0.09909   0.00000   0.00000   0.00000   0.00000   0.00000   0.03123   0.02965   0.00433   0.00000   0.00000   0.00000   0.03405   0.04171   0.03963   0.01430   0.00619   0.05760   0.00000   0.00807   0.02480   0.00000   0.03506   0.00000   0.00000   0.00000   0.00000   0.03294   2.12247   0.84214  
 47 6991.4936     56.924331  x:  0.00000   0.00000   0.00000   0.00000   0.03342   0.03322   0.00000   0.00047   0.03202   0.00000   0.01504   0.00000   0.00000   0.00000   0.00000   0.02472   0.01981   0.08418   0.00000   0.00000   0.00000   0.00000   0.00000   0.00000   0.00000   0.13821   0.00000   0.00000   0.25966   0.00000   0.00000   0.00000   0.02653   0.00000   0.00526   0.00000   0.00000   0.02653   0.03230   0.04355   0.00000   0.00000   0.00000   0.00000   0.00318   0.00000   0.14408   0.01386   0.09779   0.11725   0.00000   0.14081   0.02100   0.07722   0.14163   0.02727   0.00000   0.09679   0.00000   0.00000   0.00000   0.00000   0.00000   0.02796   0.02638   0.00105   0.00000   0.00000   0.00000   0.03078   0.03844   0.03637   0.01103   0.00291   0.05441   0.00000   0.00479   0.02152   0.00000   0.03179   0.00000   0.00000   0.00000   0.00000   0.02967   2.12201   0.83800  
 48 348.4966     56.848766  x:  0.00000   0.00000   0.00000   0.00000   0.03296   0.03275   0.00000   0.00000   0.03156   0.00000   0.01457   0.00000   0.00000   0.00000   0.00000   0.02426   0.01934   0.08417   0.00000   0.00000   0.00000   0.00000   0.00000   0.00000   0.00000   0.13792   0.00000   0.00000   0.25927   0.00000   0.00000   0.00000   0.02607   0.00000   0.00480   0.00000   0.00000   0.02606   0.03183   0.04309   0.00000   0.00000   0.00000   0.00000   0.00271   0.00000   0.14395   0.01344   0.09737   0.11682   0.00000   0.14064   0.02054   0.07683   0.14147   0.02688   0.00000   0.09693   0.00000   0.00000   0.00000   0.00000   0.00000   0.02750   0.02592   0.00058   0.00000   0.00000   0.00000   0.03032   0.03798   0.03590   0.01056   0.00245   0.05396   0.00000   0.00433   0.02106   0.00000   0.03133   0.00000   0.00000   0.00000   0.00000   0.02921   2.12191   0.83689  
 49 181.2802     56.759532  x:  0.00000   0.00000   0.00000   0.00000   0.03239   0.03219   0.00000   0.00000   0.03099   0.00000   0.01400   0.00000   0.00000   0.00000   0.00000   0.02368   0.01877   0.08414   0.00000   0.00000   0.00000   0.00000   0.00000   0.00000   0.00000   0.13964   0.00000   0.00000   0.25830   0.00000   0.00000   0.00000   0.02549   0.00000   0.00422   0.00000   0.00000   0.02549   0.03126   0.04252   0.00000   0.00000   0.00000   0.00000   0.00213   0.00000   0.14277   0.01348   0.09715   0.11661   0.00000   0.14053   0.01950   0.07652   0.14094   0.02648   0.00000   0.09704   0.00000   0.00000   0.00000   0.00000   0.00000   0.02693   0.02535   0.00000   0.00000   0.00000   0.00000   0.02974   0.03742   0.03534   0.00999   0.00187   0.05361   0.00000   0.00375   0.02049   0.00000   0.03076   0.00000   0.00000   0.00000   0.00000   0.02863   2.12195   0.83444  
 50 10.8534     56.476601  x:  0.00000   0.00000   0.00000   0.00000   0.03055   0.03034   0.00000   0.00000   0.02912   0.00000   0.01214   0.00000   0.00000   0.00000   0.00000   0.02181   0.01689   0.08403   0.00000   0.00000   0.00000   0.00000   0.00000   0.00000   0.00000   0.13914   0.00000   0.00000   0.25471   0.00000   0.00000   0.00000   0.02362   0.00000   0.00232   0.00000   0.00000   0.02361   0.02939   0.04066   0.00000   0.00000   0.00000   0.00000   0.00023   0.00000   0.14461   0.01405   0.09671   0.11617   0.00000   0.14164   0.01571   0.07562   0.14241   0.02527   0.00000   0.09751   0.00000   0.00000   0.00000   0.00000   0.00000   0.02508   0.02352   0.00000   0.00000   0.00000   0.00000   0.02787   0.03560   0.03350   0.00812   0.00000   0.05260   0.00000   0.00188   0.01863   0.00000   0.02889   0.00000   0.00000   0.00000   0.00000   0.02676   2.12213   0.82610  
 51 40.8010     56.449089  x:  0.00000   0.00000   0.00000   0.00000   0.03034   0.03013   0.00000   0.00000   0.02890   0.00000   0.01193   0.00000   0.00000   0.00000   0.00000   0.02159   0.01667   0.08403   0.00000   0.00000   0.00000   0.00000   0.00000   0.00000   0.00000   0.13944   0.00000   0.00000   0.25384   0.00000   0.00000   0.00000   0.02340   0.00000   0.00209   0.00000   0.00000   0.02340   0.02918   0.04045   0.00000   0.00000   0.00000   0.00000   0.00000   0.00000   0.14523   0.01463   0.09695   0.11641   0.00000   0.14118   0.01479   0.07568   0.14216   0.02526   0.00000   0.09755   0.00000   0.00000   0.00000   0.00000   0.00000   0.02487   0.02332   0.00000   0.00000   0.00000   0.00000   0.02766   0.03540   0.03329   0.00791   0.00000   0.05267   0.00000   0.00166   0.01842   0.00000   0.02867   0.00000   0.00000   0.00000   0.00000   0.02655   2.12219   0.82479  
 52  7.0435     56.251402  x:  0.00000   0.00000   0.00000   0.00000   0.02875   0.02853   0.00000   0.00000   0.02725   0.00000   0.01029   0.00000   0.00000   0.00000   0.00000   0.01992   0.01499   0.08408   0.00000   0.00000   0.00000   0.00000   0.00000   0.00000   0.00000   0.13954   0.00000   0.00000   0.24686   0.00000   0.00000   0.00000   0.02174   0.00000   0.00038   0.00000   0.00000   0.02173   0.02752   0.03883   0.00000   0.00000   0.00000   0.00000   0.00000   0.00000   0.14453   0.01938   0.09899   0.11846   0.00000   0.14264   0.00742   0.07628   0.14304   0.02543   0.00000   0.09782   0.00000   0.00000   0.00000   0.00000   0.00000   0.02325   0.02176   0.00000   0.00000   0.00000   0.00000   0.02600   0.03386   0.03169   0.00627   0.00000   0.05335   0.00000   0.00000   0.01679   0.00000   0.02702   0.00000   0.00000   0.00000   0.00000   0.02489   2.12267   0.81488  
 53 47.5715     56.216240  x:  0.00000   0.00000   0.00000   0.00000   0.02841   0.02819   0.00000   0.00000   0.02689   0.00000   0.00994   0.00000   0.00000   0.00000   0.00000   0.01956   0.01463   0.08409   0.00000   0.00000   0.00000   0.00000   0.00000   0.00000   0.00000   0.13964   0.00000   0.00000   0.24489   0.00000   0.00000   0.00000   0.02139   0.00000   0.00000   0.00000   0.00000   0.02138   0.02717   0.03848   0.00000   0.00000   0.00000   0.00000   0.00000   0.00000   0.14451   0.02088   0.09974   0.11921   0.00000   0.14241   0.00523   0.07674   0.14343   0.02582   0.00000   0.09786   0.00000   0.00000   0.00000   0.00000   0.00000   0.02291   0.02143   0.00000   0.00000   0.00000   0.00000   0.02564   0.03354   0.03136   0.00592   0.00000   0.05371   0.00000   0.00000   0.01644   0.00000   0.02667   0.00000   0.00000   0.00000   0.00000   0.02453   2.12274   0.81327  
 54 11.3896     56.139298  x:  0.00000   0.00000   0.00000   0.00000   0.02762   0.02740   0.00000   0.00000   0.02606   0.00000   0.00912   0.00000   0.00000   0.00000   0.00000   0.01872   0.01378   0.08411   0.00000   0.00000   0.00000   0.00000   0.00000   0.00000   0.00000   0.13981   0.00000   0.00000   0.24022   0.00000   0.00000   0.00000   0.02055   0.00000   0.00000   0.00000   0.00000   0.02054   0.02634   0.03768   0.00000   0.00000   0.00000   0.00000   0.00000   0.00000   0.14479   0.02443   0.10155   0.12102   0.00000   0.14280   0.00000   0.07790   0.14320   0.02681   0.00000   0.09797   0.00000   0.00000   0.00000   0.00000   0.00000   0.02211   0.02067   0.00000   0.00000   0.00000   0.00000   0.02481   0.03279   0.03057   0.00511   0.00000   0.05459   0.00000   0.00000   0.01563   0.00000   0.02584   0.00000   0.00000   0.00000   0.00000   0.02370   2.12291   0.80958  
 55 316.4274     55.869183  x:  0.00000   0.00000   0.00000   0.00000   0.02264   0.02241   0.00000   0.00000   0.02084   0.00000   0.00395   0.00000   0.00000   0.00000   0.00000   0.01343   0.00844   0.08422   0.00000   0.00000   0.00000   0.00000   0.00000   0.00000   0.00000   0.14075   0.00000   0.00000   0.21037   0.00000   0.00000   0.00000   0.01529   0.00000   0.00000   0.00000   0.00000   0.01528   0.02114   0.03260   0.00000   0.00000   0.00000   0.00000   0.00000   0.00000   0.14554   0.04702   0.11329   0.13277   0.00000   0.14304   0.00000   0.08911   0.14402   0.03729   0.00000   0.09848   0.00000   0.00000   0.00000   0.00000   0.00000   0.01705   0.01586   0.00000   0.00000   0.00000   0.00000   0.01958   0.02808   0.02562   0.00000   0.00000   0.06052   0.00000   0.00000   0.01051   0.00000   0.02062   0.00000   0.00000   0.00000   0.00000   0.01847   2.12364   0.79216  
 56 40.8322     55.574964  x:  0.00000   0.00000   0.00000   0.00000   0.01883   0.01859   0.00000   0.00000   0.01686   0.00000   0.00000   0.00000   0.00000   0.00000   0.00000   0.00941   0.00438   0.08431   0.00000   0.00000   0.00000   0.00000   0.00000   0.00000   0.00000   0.14144   0.00000   0.00000   0.19027   0.00000   0.00000   0.00000   0.01129   0.00000   0.00000   0.00000   0.00000   0.01127   0.01716   0.02871   0.00000   0.00000   0.00000   0.00000   0.00000   0.00000   0.14611   0.06134   0.12032   0.13982   0.00000   0.14317   0.00000   0.08990   0.14468   0.03752   0.00000   0.09885   0.00000   0.00000   0.00000   0.00000   0.00000   0.01317   0.01216   0.00000   0.00000   0.00000   0.00000   0.01560   0.02444   0.02182   0.00000   0.00000   0.06372   0.00000   0.00000   0.00660   0.00000   0.01664   0.00000   0.00000   0.00000   0.00000   0.01448   2.12199   0.78010  
 57 23.7287     55.227892  x:  0.00000   0.00000   0.00000   0.00000   0.01473   0.01448   0.00000   0.00000   0.01258   0.00000   0.00000   0.00000   0.00000   0.00000   0.00000   0.00507   0.00000   0.08436   0.00000   0.00000   0.00000   0.00000   0.00000   0.00000   0.00000   0.14200   0.00000   0.00000   0.16852   0.00000   0.00000   0.00000   0.00698   0.00000   0.00000   0.00000   0.00000   0.00695   0.01289   0.02453   0.00000   0.00000   0.00000   0.00000   0.00000   0.00000   0.14670   0.07690   0.12812   0.14761   0.00000   0.14362   0.00000   0.08520   0.14498   0.03227   0.00000   0.09915   0.00000   0.00000   0.00000   0.00000   0.00000   0.00901   0.00819   0.00000   0.00000   0.00000   0.00000   0.01131   0.02054   0.01773   0.00000   0.00000   0.06735   0.00000   0.00000   0.00240   0.00000   0.01236   0.00000   0.00000   0.00000   0.00000   0.01019   2.11971   0.77101  
 58 29.3053     55.042331  x:  0.00000   0.00000   0.00000   0.00000   0.01239   0.01214   0.00000   0.00000   0.01014   0.00000   0.00000   0.00000   0.00000   0.00000   0.00000   0.00260   0.00000   0.08439   0.00000   0.00000   0.00000   0.00000   0.00000   0.00000   0.00000   0.14231   0.00000   0.00000   0.15634   0.00000   0.00000   0.00000   0.00452   0.00000   0.00000   0.00000   0.00000   0.00450   0.01045   0.02215   0.00000   0.00000   0.00000   0.00000   0.00000   0.00000   0.14704   0.08553   0.13240   0.15191   0.00000   0.14388   0.00000   0.08268   0.14514   0.02944   0.00000   0.09932   0.00000   0.00000   0.00000   0.00000   0.00000   0.00664   0.00592   0.00000   0.00000   0.00000   0.00000   0.00886   0.01831   0.01540   0.00000   0.00000   0.06932   0.00000   0.00000   0.00000   0.00000   0.00992   0.00000   0.00000   0.00000   0.00000   0.00774   2.11842   0.76584  
 59 8560.0737     55.042331  x:  0.00000   0.00000   0.00000   0.00000   0.01239   0.01214   0.00000   0.00000   0.01014   0.00000   0.00000   0.00000   0.00000   0.00000   0.00000   0.00260   0.00000   0.08439   0.00000   0.00000   0.00000   0.00000   0.00000   0.00000   0.00000   0.14231   0.00000   0.00000   0.15634   0.00000   0.00000   0.00000   0.00452   0.00000   0.00000   0.00000   0.00000   0.00450   0.01045   0.02215   0.00000   0.00000   0.00000   0.00000   0.00000   0.00000   0.14704   0.08553   0.13240   0.15191   0.00000   0.14388   0.00000   0.08268   0.14514   0.02944   0.00000   0.09932   0.00000   0.00000   0.00000   0.00000   0.00000   0.00664   0.00592   0.00000   0.00000   0.00000   0.00000   0.00886   0.01831   0.01540   0.00000   0.00000   0.06932   0.00000   0.00000   0.00000   0.00000   0.00992   0.00000   0.00000   0.00000   0.00000   0.00774   2.11842   0.76584  
 60 4836.5699     54.709072  x:  0.00000   0.00000   0.00000   0.00000   0.00980   0.00954   0.00000   0.00000   0.00754   0.00000   0.00000   0.00000   0.00000   0.00000   0.00000   0.00000   0.00000   0.08802   0.00000   0.00000   0.00000   0.00000   0.00000   0.00000   0.00000   0.14375   0.00000   0.00000   0.15419   0.00000   0.00000   0.00000   0.00192   0.00000   0.00000   0.00000   0.00000   0.00190   0.00786   0.01956   0.00000   0.00000   0.00000   0.00000   0.00000   0.00000   0.14802   0.08312   0.13001   0.14952   0.00000   0.14494   0.00000   0.08011   0.14623   0.02690   0.00000   0.10204   0.00000   0.00000   0.00000   0.00000   0.00000   0.00404   0.00332   0.00000   0.00000   0.00000   0.00000   0.00627   0.01571   0.01281   0.00000   0.00000   0.06679   0.00000   0.00000   0.00000   0.00000   0.00733   0.00000   0.00000   0.00000   0.00000   0.00514   2.11825   0.76613  
 61 25.7828     54.506138  x:  0.00000   0.00000   0.00000   0.00000   0.00791   0.00765   0.00000   0.00000   0.00565   0.00000   0.00000   0.00000   0.00000   0.00000   0.00000   0.00000   0.00000   0.08785   0.00000   0.00000   0.00000   0.00000   0.00000   0.00000   0.00000   0.14439   0.00000   0.00000   0.15263   0.00000   0.00000   0.00000   0.00003   0.00000   0.00000   0.00000   0.00000   0.00000   0.00597   0.01767   0.00000   0.00000   0.00000   0.00000   0.00000   0.00000   0.14848   0.08136   0.12826   0.14778   0.00000   0.14543   0.00000   0.07822   0.14674   0.02501   0.00000   0.10248   0.00000   0.00000   0.00000   0.00000   0.00000   0.00215   0.00143   0.00000   0.00000   0.00000   0.00000   0.00438   0.01382   0.01092   0.00000   0.00000   0.06495   0.00000   0.00000   0.00000   0.00000   0.00544   0.00000   0.00000   0.00000   0.00000   0.00325   2.11814   0.76658  
 62 187.5772     54.503411  x:  0.00000   0.00000   0.00000   0.00000   0.00788   0.00763   0.00000   0.00000   0.00562   0.00000   0.00000   0.00000   0.00000   0.00000   0.00000   0.00000   0.00000   0.08785   0.00000   0.00000   0.00000   0.00000   0.00000   0.00000   0.00000   0.14441   0.00000   0.00000   0.15261   0.00000   0.00000   0.00000   0.00000   0.00000   0.00000   0.00000   0.00000   0.00000   0.00594   0.01765   0.00000   0.00000   0.00000   0.00000   0.00000   0.00000   0.14849   0.08133   0.12824   0.14776   0.00000   0.14543   0.00000   0.07819   0.14675   0.02499   0.00000   0.10249   0.00000   0.00000   0.00000   0.00000   0.00000   0.00212   0.00140   0.00000   0.00000   0.00000   0.00000   0.00435   0.01380   0.01089   0.00000   0.00000   0.06493   0.00000   0.00000   0.00000   0.00000   0.00541   0.00000   0.00000   0.00000   0.00000   0.00322   2.11814   0.76659  
 63 9613.1130     54.371290  x:  0.00000   0.00000   0.00000   0.00000   0.00649   0.00623   0.00000   0.00000   0.00423   0.00000   0.00000   0.00000   0.00000   0.00000   0.00000   0.00000   0.00000   0.08807   0.00000   0.00000   0.00000   0.00000   0.00000   0.00000   0.00000   0.14523   0.00000   0.00000   0.15144   0.00000   0.00000   0.00000   0.00000   0.00000   0.00000   0.00000   0.00000   0.00000   0.00454   0.01626   0.00000   0.00000   0.00000   0.00000   0.00000   0.00000   0.14911   0.08004   0.12696   0.14648   0.00000   0.14607   0.00000   0.07694   0.14740   0.02374   0.00000   0.10172   0.00000   0.00000   0.00000   0.00000   0.00000   0.00073   0.00000   0.00000   0.00000   0.00000   0.00000   0.00295   0.01241   0.00950   0.00000   0.00000   0.06358   0.00000   0.00000   0.00000   0.00000   0.00401   0.00000   0.00000   0.00000   0.00000   0.00183   2.11799   0.76537  
 64 207.9025     54.309925  x:  0.00000   0.00000   0.00000   0.00000   0.00576   0.00551   0.00000   0.00000   0.00350   0.00000   0.00000   0.00000   0.00000   0.00000   0.00000   0.00000   0.00000   0.08805   0.00000   0.00000   0.00000   0.00000   0.00000   0.00000   0.00000   0.14504   0.00000   0.00000   0.15082   0.00000   0.00000   0.00000   0.00000   0.00000   0.00000   0.00000   0.00000   0.00000   0.00382   0.01553   0.00000   0.00000   0.00000   0.00000   0.00000   0.00000   0.14905   0.07938   0.12630   0.14582   0.00000   0.14596   0.00000   0.07635   0.14732   0.02315   0.00000   0.10186   0.00000   0.00000   0.00000   0.00000   0.00000   0.00000   0.00000   0.00000   0.00000   0.00000   0.00000   0.00223   0.01168   0.00878   0.00000   0.00000   0.06289   0.00000   0.00000   0.00000   0.00000   0.00329   0.00000   0.00000   0.00000   0.00000   0.00110   2.11789   0.76403  
 65 112.3161     54.223555  x:  0.00000   0.00000   0.00000   0.00000   0.00467   0.00441   0.00000   0.00000   0.00241   0.00000   0.00000   0.00000   0.00000   0.00000   0.00000   0.00000   0.00000   0.08795   0.00000   0.00000   0.00000   0.00000   0.00000   0.00000   0.00000   0.14628   0.00000   0.00000   0.14936   0.00000   0.00000   0.00000   0.00000   0.00000   0.00000   0.00000   0.00000   0.00000   0.00272   0.01444   0.00000   0.00000   0.00000   0.00000   0.00000   0.00000   0.14844   0.07871   0.12564   0.14517   0.00000   0.14650   0.00000   0.07565   0.14717   0.02236   0.00000   0.10211   0.00000   0.00000   0.00000   0.00000   0.00000   0.00000   0.00000   0.00000   0.00000   0.00000   0.00000   0.00113   0.01059   0.00769   0.00000   0.00000   0.06205   0.00000   0.00000   0.00000   0.00000   0.00219   0.00000   0.00000   0.00000   0.00000   0.00000   2.11774   0.76228  
 66 10.2623     54.141005  x:  0.00000   0.00000   0.00000   0.00000   0.00354   0.00329   0.00000   0.00000   0.00128   0.00000   0.00000   0.00000   0.00000   0.00000   0.00000   0.00000   0.00000   0.08785   0.00000   0.00000   0.00000   0.00000   0.00000   0.00000   0.00000   0.14611   0.00000   0.00000   0.14778   0.00000   0.00000   0.00000   0.00000   0.00000   0.00000   0.00000   0.00000   0.00000   0.00160   0.01332   0.00000   0.00000   0.00000   0.00000   0.00000   0.00000   0.14954   0.07807   0.12502   0.14456   0.00000   0.14673   0.00000   0.07498   0.14797   0.02160   0.00000   0.10238   0.00000   0.00000   0.00000   0.00000   0.00000   0.00000   0.00000   0.00000   0.00000   0.00000   0.00000   0.00000   0.00947   0.00656   0.00000   0.00000   0.06122   0.00000   0.00000   0.00000   0.00000   0.00107   0.00000   0.00000   0.00000   0.00000   0.00000   2.11758   0.76057  
 67 58.6676     54.080968  x:  0.00000   0.00000   0.00000   0.00000   0.00248   0.00223   0.00000   0.00000   0.00022   0.00000   0.00000   0.00000   0.00000   0.00000   0.00000   0.00000   0.00000   0.08783   0.00000   0.00000   0.00000   0.00000   0.00000   0.00000   0.00000   0.14655   0.00000   0.00000   0.14560   0.00000   0.00000   0.00000   0.00000   0.00000   0.00000   0.00000   0.00000   0.00000   0.00053   0.01227   0.00000   0.00000   0.00000   0.00000   0.00000   0.00000   0.14999   0.07793   0.12490   0.14445   0.00000   0.14664   0.00000   0.07483   0.14786   0.02133   0.00000   0.10250   0.00000   0.00000   0.00000   0.00000   0.00000   0.00000   0.00000   0.00000   0.00000   0.00000   0.00000   0.00000   0.00841   0.00551   0.00000   0.00000   0.06073   0.00000   0.00000   0.00000   0.00000   0.00000   0.00000   0.00000   0.00000   0.00000   0.00000   2.11747   0.75874  
 68  6.1964     54.070142  x:  0.00000   0.00000   0.00000   0.00000   0.00226   0.00201   0.00000   0.00000   0.00000   0.00000   0.00000   0.00000   0.00000   0.00000   0.00000   0.00000   0.00000   0.08783   0.00000   0.00000   0.00000   0.00000   0.00000   0.00000   0.00000   0.14647   0.00000   0.00000   0.14514   0.00000   0.00000   0.00000   0.00000   0.00000   0.00000   0.00000   0.00000   0.00000   0.00032   0.01206   0.00000   0.00000   0.00000   0.00000   0.00000   0.00000   0.14987   0.07792   0.12489   0.14444   0.00000   0.14682   0.00000   0.07481   0.14804   0.02130   0.00000   0.10252   0.00000   0.00000   0.00000   0.00000   0.00000   0.00000   0.00000   0.00000   0.00000   0.00000   0.00000   0.00000   0.00820   0.00529   0.00000   0.00000   0.06064   0.00000   0.00000   0.00000   0.00000   0.00000   0.00000   0.00000   0.00000   0.00000   0.00000   2.11745   0.75838  
 69 55.2948     54.058031  x:  0.00000   0.00000   0.00000   0.00000   0.00195   0.00170   0.00000   0.00000   0.00000   0.00000   0.00000   0.00000   0.00000   0.00000   0.00000   0.00000   0.00000   0.08782   0.00000   0.00000   0.00000   0.00000   0.00000   0.00000   0.00000   0.14653   0.00000   0.00000   0.14440   0.00000   0.00000   0.00000   0.00000   0.00000   0.00000   0.00000   0.00000   0.00000   0.00000   0.01175   0.00000   0.00000   0.00000   0.00000   0.00000   0.00000   0.14989   0.07794   0.12492   0.14448   0.00000   0.14682   0.00000   0.07491   0.14810   0.02137   0.00000   0.10254   0.00000   0.00000   0.00000   0.00000   0.00000   0.00000   0.00000   0.00000   0.00000   0.00000   0.00000   0.00000   0.00789   0.00498   0.00000   0.00000   0.06055   0.00000   0.00000   0.00000   0.00000   0.00000   0.00000   0.00000   0.00000   0.00000   0.00000   2.11745   0.75808  
 70 10.0064     54.003430  x:  0.00000   0.00000   0.00000   0.00000   0.00025   0.00000   0.00000   0.00000   0.00000   0.00000   0.00000   0.00000   0.00000   0.00000   0.00000   0.00000   0.00000   0.08781   0.00000   0.00000   0.00000   0.00000   0.00000   0.00000   0.00000   0.14648   0.00000   0.00000   0.14039   0.00000   0.00000   0.00000   0.00000   0.00000   0.00000   0.00000   0.00000   0.00000   0.00000   0.01008   0.00000   0.00000   0.00000   0.00000   0.00000   0.00000   0.15033   0.07811   0.12514   0.14471   0.00000   0.14766   0.00000   0.07558   0.14759   0.02194   0.00000   0.10266   0.00000   0.00000   0.00000   0.00000   0.00000   0.00000   0.00000   0.00000   0.00000   0.00000   0.00000   0.00000   0.00620   0.00330   0.00000   0.00000   0.06004   0.00000   0.00000   0.00000   0.00000   0.00000   0.00000   0.00000   0.00000   0.00000   0.00000   2.11744   0.75659  
 71 148.6184     53.997514  x:  0.00000   0.00000   0.00000   0.00000   0.00000   0.00000   0.00000   0.00000   0.00000   0.00000   0.00000   0.00000   0.00000   0.00000   0.00000   0.00000   0.00000   0.08781   0.00000   0.00000   0.00000   0.00000   0.00000   0.00000   0.00000   0.14650   0.00000   0.00000   0.13982   0.00000   0.00000   0.00000   0.00000   0.00000   0.00000   0.00000   0.00000   0.00000   0.00000   0.00984   0.00000   0.00000   0.00000   0.00000   0.00000   0.00000   0.15035   0.07814   0.12517   0.14475   0.00000   0.14768   0.00000   0.07573   0.14760   0.02209   0.00000   0.10267   0.00000   0.00000   0.00000   0.00000   0.00000   0.00000   0.00000   0.00000   0.00000   0.00000   0.00000   0.00000   0.00596   0.00306   0.00000   0.00000   0.05997   0.00000   0.00000   0.00000   0.00000   0.00000   0.00000   0.00000   0.00000   0.00000   0.00000   2.11745   0.75643  
 72 67.3417     53.912095  x:  0.00000   0.00000   0.00000   0.00000   0.00000   0.00000   0.00000   0.00000   0.00000   0.00000   0.00000   0.00000   0.00000   0.00000   0.00000   0.00000   0.00000   0.08779   0.00000   0.00000   0.00000   0.00000   0.00000   0.00000   0.00000   0.14683   0.00000   0.00000   0.13279   0.00000   0.00000   0.00000   0.00000   0.00000   0.00000   0.00000   0.00000   0.00000   0.00000   0.00680   0.00000   0.00000   0.00000   0.00000   0.00000   0.00000   0.15063   0.07825   0.12534   0.14496   0.00000   0.14796   0.00000   0.07543   0.14783   0.02163   0.00000   0.10286   0.00000   0.00000   0.00000   0.00000   0.00000   0.00000   0.00000   0.00000   0.00000   0.00000   0.00000   0.00000   0.00291   0.00000   0.00000   0.00000   0.05894   0.00000   0.00000   0.00000   0.00000   0.00000   0.00000   0.00000   0.00000   0.00000   0.00000   2.11731   0.75411  
 73 32.3051     53.836962  x:  0.00000   0.00000   0.00000   0.00000   0.00000   0.00000   0.00000   0.00000   0.00000   0.00000   0.00000   0.00000   0.00000   0.00000   0.00000   0.00000   0.00000   0.08777   0.00000   0.00000   0.00000   0.00000   0.00000   0.00000   0.00000   0.14706   0.00000   0.00000   0.12599   0.00000   0.00000   0.00000   0.00000   0.00000   0.00000   0.00000   0.00000   0.00000   0.00000   0.00391   0.00000   0.00000   0.00000   0.00000   0.00000   0.00000   0.15083   0.07846   0.12562   0.14527   0.00000   0.14815   0.00000   0.07407   0.14801   0.02014   0.00000   0.10299   0.00000   0.00000   0.00000   0.00000   0.00000   0.00000   0.00000   0.00000   0.00000   0.00000   0.00000   0.00000   0.00000   0.00000   0.00000   0.00000   0.05803   0.00000   0.00000   0.00000   0.00000   0.00000   0.00000   0.00000   0.00000   0.00000   0.00000   2.11707   0.75229  
 74 44.9432     53.752969  x:  0.00000   0.00000   0.00000   0.00000   0.00000   0.00000   0.00000   0.00000   0.00000   0.00000   0.00000   0.00000   0.00000   0.00000   0.00000   0.00000   0.00000   0.08775   0.00000   0.00000   0.00000   0.00000   0.00000   0.00000   0.00000   0.14738   0.00000   0.00000   0.11736   0.00000   0.00000   0.00000   0.00000   0.00000   0.00000   0.00000   0.00000   0.00000   0.00000   0.00000   0.00000   0.00000   0.00000   0.00000   0.00000   0.00000   0.15111   0.07830   0.12554   0.14524   0.00000   0.14841   0.00000   0.07252   0.14827   0.01842   0.00000   0.10318   0.00000   0.00000   0.00000   0.00000   0.00000   0.00000   0.00000   0.00000   0.00000   0.00000   0.00000   0.00000   0.00000   0.00000   0.00000   0.00000   0.05650   0.00000   0.00000   0.00000   0.00000   0.00000   0.00000   0.00000   0.00000   0.00000   0.00000   2.11679   0.74975  
 75 276.6424     52.366723  x:  0.00000   0.00000   0.00000   0.00000   0.00000   0.00000   0.00000   0.00000   0.00000   0.00000   0.00000   0.00000   0.00000   0.00000   0.00000   0.00000   0.00000   0.08809   0.00000   0.00000   0.00000   0.00000   0.00000   0.00000   0.00000   0.14948   0.00000   0.00000   0.01356   0.00000   0.00000   0.00000   0.00000   0.00000   0.00000   0.00000   0.00000   0.00000   0.00000   0.00000   0.00000   0.00000   0.00000   0.00000   0.00000   0.00000   0.15312   0.03386   0.08221   0.10241   0.00000   0.15015   0.00000   0.06987   0.14982   0.01382   0.00000   0.10444   0.00000   0.00000   0.00000   0.00000   0.00000   0.00000   0.00000   0.00000   0.00000   0.00000   0.00000   0.00000   0.00000   0.00000   0.00000   0.00000   0.00000   0.00000   0.00000   0.00000   0.00000   0.00000   0.00000   0.00000   0.00000   0.00000   0.00000   2.11535   0.71953  
 76 19.8414     52.195652  x:  0.00000   0.00000   0.00000   0.00000   0.00000   0.00000   0.00000   0.00000   0.00000   0.00000   0.00000   0.00000   0.00000   0.00000   0.00000   0.00000   0.00000   0.08812   0.00000   0.00000   0.00000   0.00000   0.00000   0.00000   0.00000   0.14979   0.00000   0.00000   0.00000   0.00000   0.00000   0.00000   0.00000   0.00000   0.00000   0.00000   0.00000   0.00000   0.00000   0.00000   0.00000   0.00000   0.00000   0.00000   0.00000   0.00000   0.15339   0.02604   0.07454   0.09481   0.00000   0.15038   0.00000   0.06974   0.15003   0.01349   0.00000   0.10462   0.00000   0.00000   0.00000   0.00000   0.00000   0.00000   0.00000   0.00000   0.00000   0.00000   0.00000   0.00000   0.00000   0.00000   0.00000   0.00000   0.00000   0.00000   0.00000   0.00000   0.00000   0.00000   0.00000   0.00000   0.00000   0.00000   0.00000   2.11519   0.71645  
 77 163.9267     51.846801  x:  0.00000   0.00000   0.00000   0.00000   0.00000   0.00000   0.00000   0.00000   0.00000   0.00000   0.00000   0.00000   0.00000   0.00000   0.00000   0.00000   0.00000   0.08834   0.00000   0.00000   0.00000   0.00000   0.00000   0.00000   0.00000   0.15102   0.00000   0.00000   0.00000   0.00000   0.00000   0.00000   0.00000   0.00000   0.00000   0.00000   0.00000   0.00000   0.00000   0.00000   0.00000   0.00000   0.00000   0.00000   0.00000   0.00000   0.15440   0.00000   0.04949   0.07027   0.00000   0.15114   0.00000   0.07115   0.15082   0.01452   0.00000   0.10535   0.00000   0.00000   0.00000   0.00000   0.00000   0.00000   0.00000   0.00000   0.00000   0.00000   0.00000   0.00000   0.00000   0.00000   0.00000   0.00000   0.00000   0.00000   0.00000   0.00000   0.00000   0.00000   0.00000   0.00000   0.00000   0.00000   0.00000   2.11571   0.70685  
 78 21.9437     51.429474  x:  0.00000   0.00000   0.00000   0.00000   0.00000   0.00000   0.00000   0.00000   0.00000   0.00000   0.00000   0.00000   0.00000   0.00000   0.00000   0.00000   0.00000   0.08878   0.00000   0.00000   0.00000   0.00000   0.00000   0.00000   0.00000   0.15282   0.00000   0.00000   0.00000   0.00000   0.00000   0.00000   0.00000   0.00000   0.00000   0.00000   0.00000   0.00000   0.00000   0.00000   0.00000   0.00000   0.00000   0.00000   0.00000   0.00000   0.15590   0.00000   0.00000   0.02219   0.00000   0.15229   0.00000   0.07592   0.15196   0.01895   0.00000   0.10645   0.00000   0.00000   0.00000   0.00000   0.00000   0.00000   0.00000   0.00000   0.00000   0.00000   0.00000   0.00000   0.00000   0.00000   0.00000   0.00000   0.00000   0.00000   0.00000   0.00000   0.00000   0.00000   0.00000   0.00000   0.00000   0.00000   0.00000   2.11694   0.69220  
 79 17.3587     51.351009  x:  0.00000   0.00000   0.00000   0.00000   0.00000   0.00000   0.00000   0.00000   0.00000   0.00000   0.00000   0.00000   0.00000   0.00000   0.00000   0.00000   0.00000   0.08895   0.00000   0.00000   0.00000   0.00000   0.00000   0.00000   0.00000   0.15340   0.00000   0.00000   0.00000   0.00000   0.00000   0.00000   0.00000   0.00000   0.00000   0.00000   0.00000   0.00000   0.00000   0.00000   0.00000   0.00000   0.00000   0.00000   0.00000   0.00000   0.15637   0.00000   0.00000   0.00000   0.00000   0.15266   0.00000   0.07859   0.15231   0.02160   0.00000   0.10682   0.00000   0.00000   0.00000   0.00000   0.00000   0.00000   0.00000   0.00000   0.00000   0.00000   0.00000   0.00000   0.00000   0.00000   0.00000   0.00000   0.00000   0.00000   0.00000   0.00000   0.00000   0.00000   0.00000   0.00000   0.00000   0.00000   0.00000   2.11750   0.68761  
 80 15.9133     51.351009  x:  0.00000   0.00000   0.00000   0.00000   0.00000   0.00000   0.00000   0.00000   0.00000   0.00000   0.00000   0.00000   0.00000   0.00000   0.00000   0.00000   0.00000   0.08895   0.00000   0.00000   0.00000   0.00000   0.00000   0.00000   0.00000   0.15340   0.00000   0.00000   0.00000   0.00000   0.00000   0.00000   0.00000   0.00000   0.00000   0.00000   0.00000   0.00000   0.00000   0.00000   0.00000   0.00000   0.00000   0.00000   0.00000   0.00000   0.15637   0.00000   0.00000   0.00000   0.00000   0.15266   0.00000   0.07859   0.15231   0.02160   0.00000   0.10682   0.00000   0.00000   0.00000   0.00000   0.00000   0.00000   0.00000   0.00000   0.00000   0.00000   0.00000   0.00000   0.00000   0.00000   0.00000   0.00000   0.00000   0.00000   0.00000   0.00000   0.00000   0.00000   0.00000   0.00000   0.00000   0.00000   0.00000   2.11750   0.68761  
 81  1.4686     50.832495  x:  0.00000   0.00000   0.00000   0.00000   0.00000   0.00000   0.00000   0.00000   0.00000   0.00000   0.00000   0.00000   0.00000   0.00000   0.00000   0.00000   0.00000   0.11757   0.00000   0.00000   0.00000   0.00000   0.00000   0.00000   0.00000   0.16369   0.00000   0.00000   0.00000   0.00000   0.00000   0.00000   0.00000   0.00000   0.00000   0.00000   0.00000   0.00000   0.00000   0.00000   0.00000   0.00000   0.00000   0.00000   0.00000   0.00000   0.16341   0.00000   0.00000   0.00000   0.00000   0.16034   0.00000   0.05689   0.16049   0.00000   0.00000   0.12726   0.00000   0.00000   0.00000   0.00000   0.00000   0.00000   0.00000   0.00000   0.00000   0.00000   0.00000   0.00000   0.00000   0.00000   0.00000   0.00000   0.00000   0.00000   0.00000   0.00000   0.00000   0.00000   0.00000   0.00000   0.00000   0.00000   0.00000   2.11625   0.69427  
 82 11.6307     50.462642  x:  0.00000   0.00000   0.00000   0.00000   0.00000   0.00000   0.00000   0.00000   0.00000   0.00000   0.00000   0.00000   0.00000   0.00000   0.00000   0.00000   0.00000   0.10965   0.00000   0.00000   0.00000   0.00000   0.00000   0.00000   0.00000   0.17784   0.00000   0.00000   0.00000   0.00000   0.00000   0.00000   0.00000   0.00000   0.00000   0.00000   0.00000   0.00000   0.00000   0.00000   0.00000   0.00000   0.00000   0.00000   0.00000   0.00000   0.17308   0.00000   0.00000   0.00000   0.00000   0.17058   0.00000   0.00000   0.17184   0.00000   0.00000   0.13487   0.00000   0.00000   0.00000   0.00000   0.00000   0.00000   0.00000   0.00000   0.00000   0.00000   0.00000   0.00000   0.00000   0.00000   0.00000   0.00000   0.00000   0.00000   0.00000   0.00000   0.00000   0.00000   0.00000   0.00000   0.00000   0.00000   0.00000   2.11303   0.70950  
 83  8.6371     50.314832  x:  0.00000   0.00000   0.00000   0.00000   0.00000   0.00000   0.00000   0.00000   0.00000   0.00000   0.00000   0.00000   0.00000   0.00000   0.00000   0.00000   0.00000   0.13413   0.00000   0.00000   0.00000   0.00000   0.00000   0.00000   0.00000   0.20511   0.00000   0.00000   0.00000   0.00000   0.00000   0.00000   0.00000   0.00000   0.00000   0.00000   0.00000   0.00000   0.00000   0.00000   0.00000   0.00000   0.00000   0.00000   0.00000   0.00000   0.18741   0.00000   0.00000   0.00000   0.00000   0.18360   0.00000   0.00000   0.18828   0.00000   0.00000   0.09368   0.00000   0.00000   0.00000   0.00000   0.00000   0.00000   0.00000   0.00000   0.00000   0.00000   0.00000   0.00000   0.00000   0.00000   0.00000   0.00000   0.00000   0.00000   0.00000   0.00000   0.00000   0.00000   0.00000   0.00000   0.00000   0.00000   0.00000   2.08043   0.84584  
 84  2.2751     49.836961  x:  0.00000   0.00000   0.00000   0.00000   0.00000   0.00000   0.00000   0.00000   0.00000   0.00000   0.00000   0.00000   0.00000   0.00000   0.00000   0.00000   0.00000   0.14869   0.00000   0.00000   0.00000   0.00000   0.00000   0.00000   0.00000   0.19570   0.00000   0.00000   0.00000   0.00000   0.00000   0.00000   0.00000   0.00000   0.00000   0.00000   0.00000   0.00000   0.00000   0.00000   0.00000   0.00000   0.00000   0.00000   0.00000   0.00000   0.15217   0.00000   0.00000   0.00000   0.00000   0.14326   0.00000   0.00000   0.15312   0.00000   0.00000   0.19348   0.00000   0.00000   0.00000   0.00000   0.00000   0.00000   0.00000   0.00000   0.00000   0.00000   0.00000   0.00000   0.00000   0.00000   0.00000   0.00000   0.00000   0.00000   0.00000   0.00000   0.00000   0.00000   0.00000   0.00000   0.00000   0.00000   0.00000   1.89951   1.52008  
 85  5.8562     49.804821  x:  0.00000   0.00000   0.00000   0.00000   0.00000   0.00000   0.00000   0.00000   0.00000   0.00000   0.00000   0.00000   0.00000   0.00000   0.00000   0.00000   0.00000   0.15129   0.00000   0.00000   0.00000   0.00000   0.00000   0.00000   0.00000   0.16513   0.00000   0.00000   0.00000   0.00000   0.00000   0.00000   0.00000   0.00000   0.00000   0.00000   0.00000   0.00000   0.00000   0.00000   0.00000   0.00000   0.00000   0.00000   0.00000   0.00000   0.15998   0.00000   0.00000   0.00000   0.00000   0.16941   0.00000   0.00000   0.16361   0.00000   0.00000   0.19722   0.00000   0.00000   0.00000   0.00000   0.00000   0.00000   0.00000   0.00000   0.00000   0.00000   0.00000   0.00000   0.00000   0.00000   0.00000   0.00000   0.00000   0.00000   0.00000   0.00000   0.00000   0.00000   0.00000   0.00000   0.00000   0.00000   0.00000   1.87506   1.54671  
 86  1.2962     49.622940  x:  0.00000   0.00000   0.00000   0.00000   0.00000   0.00000   0.00000   0.00000   0.00000   0.00000   0.00000   0.00000   0.00000   0.00000   0.00000   0.00000   0.00000   0.18679   0.00000   0.00000   0.00000   0.00000   0.00000   0.00000   0.00000   0.21504   0.00000   0.00000   0.00000   0.00000   0.00000   0.00000   0.00000   0.00000   0.00000   0.00000   0.00000   0.00000   0.00000   0.00000   0.00000   0.00000   0.00000   0.00000   0.00000   0.00000   0.22398   0.00000   0.00000   0.00000   0.00000   0.15601   0.00000   0.00000   0.23434   0.00000   0.00000   0.21037   0.00000   0.00000   0.00000   0.00000   0.00000   0.00000   0.00000   0.00000   0.00000   0.00000   0.00000   0.00000   0.00000   0.00000   0.00000   0.00000   0.00000   0.00000   0.00000   0.00000   0.00000   0.00000   0.00000   0.00000   0.00000   0.00000   0.00000   1.50223   1.57205  
 87  0.5972     49.554893  x:  0.00000   0.00000   0.00000   0.00000   0.00000   0.00000   0.00000   0.00000   0.00000   0.00000   0.00000   0.00000   0.00000   0.00000   0.00000   0.00000   0.00000   0.20001   0.00000   0.00000   0.00000   0.00000   0.00000   0.00000   0.00000   0.26157   0.00000   0.00000   0.00000   0.00000   0.00000   0.00000   0.00000   0.00000   0.00000   0.00000   0.00000   0.00000   0.00000   0.00000   0.00000   0.00000   0.00000   0.00000   0.00000   0.00000   0.20334   0.00000   0.00000   0.00000   0.00000   0.20719   0.00000   0.00000   0.21504   0.00000   0.00000   0.21416   0.00000   0.00000   0.00000   0.00000   0.00000   0.00000   0.00000   0.00000   0.00000   0.00000   0.00000   0.00000   0.00000   0.00000   0.00000   0.00000   0.00000   0.00000   0.00000   0.00000   0.00000   0.00000   0.00000   0.00000   0.00000   0.00000   0.00000   1.35453   1.58017  
 88  2.9889     49.547411  x:  0.00000   0.00000   0.00000   0.00000   0.00000   0.00000   0.00000   0.00000   0.00000   0.00000   0.00000   0.00000   0.00000   0.00000   0.00000   0.00000   0.00000   0.20256   0.00000   0.00000   0.00000   0.00000   0.00000   0.00000   0.00000   0.25807   0.00000   0.00000   0.00000   0.00000   0.00000   0.00000   0.00000   0.00000   0.00000   0.00000   0.00000   0.00000   0.00000   0.00000   0.00000   0.00000   0.00000   0.00000   0.00000   0.00000   0.21655   0.00000   0.00000   0.00000   0.00000   0.20478   0.00000   0.00000   0.19723   0.00000   0.00000   0.21390   0.00000   0.00000   0.00000   0.00000   0.00000   0.00000   0.00000   0.00000   0.00000   0.00000   0.00000   0.00000   0.00000   0.00000   0.00000   0.00000   0.00000   0.00000   0.00000   0.00000   0.00000   0.00000   0.00000   0.00000   0.00000   0.00000   0.00000   1.27924   1.60602  
 89  0.1589     49.535192  x:  0.00000   0.00000   0.00000   0.00000   0.00000   0.00000   0.00000   0.00000   0.00000   0.00000   0.00000   0.00000   0.00000   0.00000   0.00000   0.00000   0.00000   0.20703   0.00000   0.00000   0.00000   0.00000   0.00000   0.00000   0.00000   0.25121   0.00000   0.00000   0.00000   0.00000   0.00000   0.00000   0.00000   0.00000   0.00000   0.00000   0.00000   0.00000   0.00000   0.00000   0.00000   0.00000   0.00000   0.00000   0.00000   0.00000   0.19974   0.00000   0.00000   0.00000   0.00000   0.19749   0.00000   0.00000   0.20291   0.00000   0.00000   0.21275   0.00000   0.00000   0.00000   0.00000   0.00000   0.00000   0.00000   0.00000   0.00000   0.00000   0.00000   0.00000   0.00000   0.00000   0.00000   0.00000   0.00000   0.00000   0.00000   0.00000   0.00000   0.00000   0.00000   0.00000   0.00000   0.00000   0.00000   1.15123   1.65141  
 90  1.1593     49.531667  x:  0.00000   0.00000   0.00000   0.00000   0.00000   0.00000   0.00000   0.00000   0.00000   0.00000   0.00000   0.00000   0.00000   0.00000   0.00000   0.00000   0.00000   0.20600   0.00000   0.00000   0.00000   0.00000   0.00000   0.00000   0.00000   0.24300   0.00000   0.00000   0.00000   0.00000   0.00000   0.00000   0.00000   0.00000   0.00000   0.00000   0.00000   0.00000   0.00000   0.00000   0.00000   0.00000   0.00000   0.00000   0.00000   0.00000   0.19055   0.00000   0.00000   0.00000   0.00000   0.19150   0.00000   0.00000   0.19755   0.00000   0.00000   0.20739   0.00000   0.00000   0.00000   0.00000   0.00000   0.00000   0.00000   0.00000   0.00000   0.00000   0.00000   0.00000   0.00000   0.00000   0.00000   0.00000   0.00000   0.00000   0.00000   0.00000   0.00000   0.00000   0.00000   0.00000   0.00000   0.00000   0.00000   1.19550   1.67338  
 91  0.0426     49.530074  x:  0.00000   0.00000   0.00000   0.00000   0.00000   0.00000   0.00000   0.00000   0.00000   0.00000   0.00000   0.00000   0.00000   0.00000   0.00000   0.00000   0.00000   0.20967   0.00000   0.00000   0.00000   0.00000   0.00000   0.00000   0.00000   0.24139   0.00000   0.00000   0.00000   0.00000   0.00000   0.00000   0.00000   0.00000   0.00000   0.00000   0.00000   0.00000   0.00000   0.00000   0.00000   0.00000   0.00000   0.00000   0.00000   0.00000   0.19616   0.00000   0.00000   0.00000   0.00000   0.19035   0.00000   0.00000   0.19600   0.00000   0.00000   0.20037   0.00000   0.00000   0.00000   0.00000   0.00000   0.00000   0.00000   0.00000   0.00000   0.00000   0.00000   0.00000   0.00000   0.00000   0.00000   0.00000   0.00000   0.00000   0.00000   0.00000   0.00000   0.00000   0.00000   0.00000   0.00000   0.00000   0.00000   1.18633   1.72441  
 92  0.0173     49.529590  x:  0.00000   0.00000   0.00000   0.00000   0.00000   0.00000   0.00000   0.00000   0.00000   0.00000   0.00000   0.00000   0.00000   0.00000   0.00000   0.00000   0.00000   0.21042   0.00000   0.00000   0.00000   0.00000   0.00000   0.00000   0.00000   0.24431   0.00000   0.00000   0.00000   0.00000   0.00000   0.00000   0.00000   0.00000   0.00000   0.00000   0.00000   0.00000   0.00000   0.00000   0.00000   0.00000   0.00000   0.00000   0.00000   0.00000   0.19322   0.00000   0.00000   0.00000   0.00000   0.19262   0.00000   0.00000   0.19908   0.00000   0.00000   0.19865   0.00000   0.00000   0.00000   0.00000   0.00000   0.00000   0.00000   0.00000   0.00000   0.00000   0.00000   0.00000   0.00000   0.00000   0.00000   0.00000   0.00000   0.00000   0.00000   0.00000   0.00000   0.00000   0.00000   0.00000   0.00000   0.00000   0.00000   1.18805   1.74642  
 93  0.0166     49.529445  x:  0.00000   0.00000   0.00000   0.00000   0.00000   0.00000   0.00000   0.00000   0.00000   0.00000   0.00000   0.00000   0.00000   0.00000   0.00000   0.00000   0.00000   0.20843   0.00000   0.00000   0.00000   0.00000   0.00000   0.00000   0.00000   0.24487   0.00000   0.00000   0.00000   0.00000   0.00000   0.00000   0.00000   0.00000   0.00000   0.00000   0.00000   0.00000   0.00000   0.00000   0.00000   0.00000   0.00000   0.00000   0.00000   0.00000   0.19301   0.00000   0.00000   0.00000   0.00000   0.19251   0.00000   0.00000   0.19772   0.00000   0.00000   0.19968   0.00000   0.00000   0.00000   0.00000   0.00000   0.00000   0.00000   0.00000   0.00000   0.00000   0.00000   0.00000   0.00000   0.00000   0.00000   0.00000   0.00000   0.00000   0.00000   0.00000   0.00000   0.00000   0.00000   0.00000   0.00000   0.00000   0.00000   1.18707   1.76971  
 94  0.0073     49.529436  x:  0.00000   0.00000   0.00000   0.00000   0.00000   0.00000   0.00000   0.00000   0.00000   0.00000   0.00000   0.00000   0.00000   0.00000   0.00000   0.00000   0.00000   0.20823   0.00000   0.00000   0.00000   0.00000   0.00000   0.00000   0.00000   0.24460   0.00000   0.00000   0.00000   0.00000   0.00000   0.00000   0.00000   0.00000   0.00000   0.00000   0.00000   0.00000   0.00000   0.00000   0.00000   0.00000   0.00000   0.00000   0.00000   0.00000   0.19324   0.00000   0.00000   0.00000   0.00000   0.19218   0.00000   0.00000   0.19836   0.00000   0.00000   0.19975   0.00000   0.00000   0.00000   0.00000   0.00000   0.00000   0.00000   0.00000   0.00000   0.00000   0.00000   0.00000   0.00000   0.00000   0.00000   0.00000   0.00000   0.00000   0.00000   0.00000   0.00000   0.00000   0.00000   0.00000   0.00000   0.00000   0.00000   1.18716   1.77180  
 95  0.0021     49.529436  x:  0.00000   0.00000   0.00000   0.00000   0.00000   0.00000   0.00000   0.00000   0.00000   0.00000   0.00000   0.00000   0.00000   0.00000   0.00000   0.00000   0.00000   0.20820   0.00000   0.00000   0.00000   0.00000   0.00000   0.00000   0.00000   0.24458   0.00000   0.00000   0.00000   0.00000   0.00000   0.00000   0.00000   0.00000   0.00000   0.00000   0.00000   0.00000   0.00000   0.00000   0.00000   0.00000   0.00000   0.00000   0.00000   0.00000   0.19323   0.00000   0.00000   0.00000   0.00000   0.19219   0.00000   0.00000   0.19836   0.00000   0.00000   0.19972   0.00000   0.00000   0.00000   0.00000   0.00000   0.00000   0.00000   0.00000   0.00000   0.00000   0.00000   0.00000   0.00000   0.00000   0.00000   0.00000   0.00000   0.00000   0.00000   0.00000   0.00000   0.00000   0.00000   0.00000   0.00000   0.00000   0.00000   1.18698   1.77192  
 96  0.0001     49.529436  x:  0.00000   0.00000   0.00000   0.00000   0.00000   0.00000   0.00000   0.00000   0.00000   0.00000   0.00000   0.00000   0.00000   0.00000   0.00000   0.00000   0.00000   0.20819   0.00000   0.00000   0.00000   0.00000   0.00000   0.00000   0.00000   0.24458   0.00000   0.00000   0.00000   0.00000   0.00000   0.00000   0.00000   0.00000   0.00000   0.00000   0.00000   0.00000   0.00000   0.00000   0.00000   0.00000   0.00000   0.00000   0.00000   0.00000   0.19324   0.00000   0.00000   0.00000   0.00000   0.19220   0.00000   0.00000   0.19837   0.00000   0.00000   0.19972   0.00000   0.00000   0.00000   0.00000   0.00000   0.00000   0.00000   0.00000   0.00000   0.00000   0.00000   0.00000   0.00000   0.00000   0.00000   0.00000   0.00000   0.00000   0.00000   0.00000   0.00000   0.00000   0.00000   0.00000   0.00000   0.00000   0.00000   1.18704   1.77180  
 97  0.0001     49.529436  x:  0.00000   0.00000   0.00000   0.00000   0.00000   0.00000   0.00000   0.00000   0.00000   0.00000   0.00000   0.00000   0.00000   0.00000   0.00000   0.00000   0.00000   0.20819   0.00000   0.00000   0.00000   0.00000   0.00000   0.00000   0.00000   0.24458   0.00000   0.00000   0.00000   0.00000   0.00000   0.00000   0.00000   0.00000   0.00000   0.00000   0.00000   0.00000   0.00000   0.00000   0.00000   0.00000   0.00000   0.00000   0.00000   0.00000   0.19324   0.00000   0.00000   0.00000   0.00000   0.19220   0.00000   0.00000   0.19837   0.00000   0.00000   0.19972   0.00000   0.00000   0.00000   0.00000   0.00000   0.00000   0.00000   0.00000   0.00000   0.00000   0.00000   0.00000   0.00000   0.00000   0.00000   0.00000   0.00000   0.00000   0.00000   0.00000   0.00000   0.00000   0.00000   0.00000   0.00000   0.00000   0.00000   1.18704   1.77177  
 98  0.0000     49.529436  x:  0.00000   0.00000   0.00000   0.00000   0.00000   0.00000   0.00000   0.00000   0.00000   0.00000   0.00000   0.00000   0.00000   0.00000   0.00000   0.00000   0.00000   0.20819   0.00000   0.00000   0.00000   0.00000   0.00000   0.00000   0.00000   0.24458   0.00000   0.00000   0.00000   0.00000   0.00000   0.00000   0.00000   0.00000   0.00000   0.00000   0.00000   0.00000   0.00000   0.00000   0.00000   0.00000   0.00000   0.00000   0.00000   0.00000   0.19324   0.00000   0.00000   0.00000   0.00000   0.19220   0.00000   0.00000   0.19837   0.00000   0.00000   0.19971   0.00000   0.00000   0.00000   0.00000   0.00000   0.00000   0.00000   0.00000   0.00000   0.00000   0.00000   0.00000   0.00000   0.00000   0.00000   0.00000   0.00000   0.00000   0.00000   0.00000   0.00000   0.00000   0.00000   0.00000   0.00000   0.00000   0.00000   1.18704   1.77178  
 99  0.0000     49.529436  x:  0.00000   0.00000   0.00000   0.00000   0.00000   0.00000   0.00000   0.00000   0.00000   0.00000   0.00000   0.00000   0.00000   0.00000   0.00000   0.00000   0.00000   0.20819   0.00000   0.00000   0.00000   0.00000   0.00000   0.00000   0.00000   0.24458   0.00000   0.00000   0.00000   0.00000   0.00000   0.00000   0.00000   0.00000   0.00000   0.00000   0.00000   0.00000   0.00000   0.00000   0.00000   0.00000   0.00000   0.00000   0.00000   0.00000   0.19324   0.00000   0.00000   0.00000   0.00000   0.19220   0.00000   0.00000   0.19837   0.00000   0.00000   0.19971   0.00000   0.00000   0.00000   0.00000   0.00000   0.00000   0.00000   0.00000   0.00000   0.00000   0.00000   0.00000   0.00000   0.00000   0.00000   0.00000   0.00000   0.00000   0.00000   0.00000   0.00000   0.00000   0.00000   0.00000   0.00000   0.00000   0.00000   1.18704   1.77178  
100  0.0000     49.529436  x:  0.00000   0.00000   0.00000   0.00000   0.00000   0.00000   0.00000   0.00000   0.00000   0.00000   0.00000   0.00000   0.00000   0.00000   0.00000   0.00000   0.00000   0.20819   0.00000   0.00000   0.00000   0.00000   0.00000   0.00000   0.00000   0.24458   0.00000   0.00000   0.00000   0.00000   0.00000   0.00000   0.00000   0.00000   0.00000   0.00000   0.00000   0.00000   0.00000   0.00000   0.00000   0.00000   0.00000   0.00000   0.00000   0.00000   0.19324   0.00000   0.00000   0.00000   0.00000   0.19220   0.00000   0.00000   0.19837   0.00000   0.00000   0.19971   0.00000   0.00000   0.00000   0.00000   0.00000   0.00000   0.00000   0.00000   0.00000   0.00000   0.00000   0.00000   0.00000   0.00000   0.00000   0.00000   0.00000   0.00000   0.00000   0.00000   0.00000   0.00000   0.00000   0.00000   0.00000   0.00000   0.00000   1.18704   1.77178  