

TREE # 1

  0  0.0000     73.056454  x:  0.00273   0.01944   0.06608   0.02205   0.07900   0.07797   0.03836   0.04537   0.07737   0.02251   0.05820   0.02908   0.02731   0.01860   0.02229   0.06967   0.06432   0.02989   0.05657   0.08603   0.08220   0.04182   0.01465   0.02255   0.00000   0.13641   0.04746   0.04008   0.08651   0.01550   0.02361   0.01921   0.07039   0.01363   0.05086   0.03384   0.09089   0.07090   0.17159   0.08517   0.00798   0.01410   0.03367   0.02158   0.05088   0.03379   0.07260   0.04456   0.05113   0.07132   0.03137   0.08354   0.07854   0.07558   0.08257   0.03519   0.02376   0.08365   0.01192   0.06256   0.00467   0.05222   0.05301   0.07234   0.07079   0.04236   0.01638   0.03120   0.03338   0.07666   0.08204   0.08066   0.05784   0.04393   0.07226   0.03464   0.04724   0.06640   0.01318   0.07863   0.00989   0.00916   0.03734   0.03431   0.07449   1.16449   1.17098   0.97867  
  1 99.0000     73.056083  x:  0.00273   0.01944   0.06608   0.02205   0.07900   0.07797   0.03836   0.04537   0.07737   0.02251   0.05820   0.02908   0.02731   0.01860   0.02229   0.06967   0.06432   0.02989   0.05657   0.08603   0.08220   0.04182   0.01465   0.02255   0.00000   0.13641   0.04746   0.04008   0.08651   0.01550   0.02361   0.01921   0.07039   0.01363   0.05086   0.03384   0.09089   0.07090   0.17159   0.08517   0.00798   0.01410   0.03367   0.02157   0.05088   0.03379   0.07260   0.04456   0.05113   0.07132   0.03137   0.08354   0.07854   0.07558   0.08257   0.03519   0.02376   0.08365   0.01191   0.06256   0.00467   0.05222   0.05301   0.07234   0.07079   0.04236   0.01638   0.03120   0.03338   0.07666   0.08204   0.08066   0.05784   0.04393   0.07226   0.03463   0.04724   0.06640   0.01318   0.07863   0.00989   0.00916   0.03734   0.03431   0.07449   1.16449   1.17098   0.97867  
  2 48.5229     71.965713  x:  0.00000   0.01673   0.06336   0.01933   0.07630   0.07527   0.03564   0.04265   0.07467   0.01978   0.05548   0.02636   0.02458   0.01588   0.01957   0.06697   0.06161   0.02717   0.05385   0.08733   0.07965   0.03926   0.01208   0.01999   0.00000   0.13745   0.04518   0.03780   0.08424   0.01320   0.02133   0.01692   0.06812   0.01134   0.04858   0.03158   0.09248   0.06863   0.17410   0.08234   0.00511   0.01123   0.03085   0.01885   0.04816   0.03107   0.06990   0.04184   0.04842   0.06861   0.02864   0.08084   0.07584   0.07288   0.07987   0.03247   0.02103   0.08485   0.00906   0.06138   0.00180   0.04939   0.05028   0.06963   0.06807   0.03963   0.01365   0.02847   0.03065   0.07395   0.07933   0.07795   0.05513   0.04121   0.06955   0.03191   0.04452   0.06369   0.01044   0.07593   0.00715   0.00642   0.03461   0.03158   0.07178   1.16431   1.17098   0.97898  
  3 453.3823     71.301968  x:  0.00000   0.01503   0.06166   0.01763   0.07461   0.07359   0.03395   0.04096   0.07298   0.01809   0.05380   0.02466   0.02289   0.01418   0.01787   0.06528   0.05992   0.02547   0.05217   0.08767   0.07805   0.03766   0.01048   0.01839   0.00000   0.13795   0.04377   0.03638   0.08283   0.01178   0.01990   0.01549   0.06671   0.00991   0.04716   0.03016   0.09296   0.06721   0.17523   0.08056   0.00332   0.00944   0.02908   0.01715   0.04646   0.02938   0.06822   0.04015   0.04673   0.06693   0.02695   0.07916   0.07416   0.07119   0.07819   0.03078   0.01934   0.08513   0.00724   0.06119   0.00000   0.04762   0.04858   0.06795   0.06639   0.03794   0.01195   0.02677   0.02896   0.07227   0.07765   0.07627   0.05344   0.03952   0.06786   0.03021   0.04283   0.06200   0.00874   0.07424   0.00545   0.00472   0.03292   0.02989   0.07010   1.16426   1.17098   0.97935  
  4 8000.9979     70.085490  x:  0.00000   0.01206   0.05869   0.01447   0.07148   0.07045   0.03079   0.03780   0.06985   0.01492   0.05065   0.02150   0.01972   0.01101   0.01470   0.06214   0.05678   0.02231   0.04902   0.08686   0.07517   0.03468   0.00748   0.01549   0.00000   0.14033   0.04111   0.03371   0.08019   0.00910   0.01723   0.01283   0.06406   0.00723   0.04450   0.02770   0.09351   0.06474   0.18065   0.07752   0.00000   0.00613   0.02608   0.01407   0.04339   0.02622   0.06508   0.03699   0.04358   0.06379   0.02379   0.07603   0.07102   0.06805   0.07505   0.02762   0.01617   0.08343   0.00444   0.06138   0.00000   0.04456   0.04529   0.06478   0.06322   0.03476   0.00875   0.02358   0.02577   0.06910   0.07449   0.07311   0.05026   0.03633   0.06469   0.02702   0.03964   0.05883   0.00554   0.07108   0.00225   0.00152   0.02973   0.02670   0.06693   1.16307   1.17098   0.97707  
  5 1107.0605     69.560692  x:  0.00000   0.01099   0.05762   0.01303   0.07006   0.06903   0.02936   0.03637   0.06842   0.01348   0.04922   0.02006   0.01828   0.00957   0.01326   0.06071   0.05535   0.02087   0.04759   0.08682   0.07399   0.03332   0.00612   0.01430   0.00000   0.14115   0.03988   0.03247   0.07896   0.00785   0.01598   0.01161   0.06283   0.00599   0.04326   0.02682   0.09203   0.06386   0.18120   0.07646   0.00000   0.00465   0.02503   0.01279   0.04213   0.02479   0.06365   0.03556   0.04215   0.06236   0.02236   0.07461   0.06960   0.06663   0.07363   0.02618   0.01473   0.08468   0.00408   0.06136   0.00000   0.04350   0.04359   0.06328   0.06173   0.03326   0.00724   0.02207   0.02425   0.06760   0.07300   0.07162   0.04876   0.03483   0.06320   0.02552   0.03814   0.05733   0.00403   0.06958   0.00073   0.00000   0.02822   0.02519   0.06543   1.16133   1.17098   0.97269  
  6 291.8356     69.326178  x:  0.00000   0.01055   0.05719   0.01238   0.06941   0.06838   0.02870   0.03572   0.06778   0.01283   0.04856   0.01940   0.01763   0.00891   0.01260   0.06006   0.05470   0.02022   0.04693   0.08705   0.07348   0.03271   0.00551   0.01378   0.00000   0.14117   0.03931   0.03189   0.07838   0.00727   0.01540   0.01104   0.06226   0.00540   0.04268   0.02647   0.09240   0.06350   0.18079   0.07605   0.00000   0.00397   0.02461   0.01223   0.04157   0.02413   0.06301   0.03491   0.04149   0.06171   0.02170   0.07397   0.06895   0.06598   0.07299   0.02553   0.01407   0.08445   0.00412   0.06136   0.00000   0.04309   0.04274   0.06257   0.06101   0.03254   0.00652   0.02134   0.02353   0.06688   0.07228   0.07090   0.04804   0.03411   0.06249   0.02479   0.03742   0.05662   0.00330   0.06886   0.00000   0.00000   0.02750   0.02446   0.06471   1.16037   1.17098   0.97017  
  7 530.1136     68.615759  x:  0.00000   0.01016   0.05689   0.01068   0.06772   0.06670   0.02698   0.03400   0.06609   0.01110   0.04685   0.01767   0.01589   0.00718   0.01087   0.05835   0.05301   0.01849   0.04522   0.08122   0.07273   0.03141   0.00419   0.01293   0.00000   0.13506   0.03733   0.02987   0.07639   0.00523   0.01336   0.00907   0.06027   0.00336   0.04066   0.02613   0.09600   0.06304   0.18218   0.07604   0.00000   0.00219   0.02456   0.01104   0.04041   0.02242   0.06131   0.03319   0.03978   0.06001   0.01999   0.07230   0.06726   0.06429   0.07130   0.02380   0.01234   0.08741   0.00832   0.06133   0.00000   0.04346   0.03834   0.05931   0.05777   0.02927   0.00322   0.01805   0.02024   0.06362   0.06904   0.06766   0.04477   0.03083   0.05924   0.02151   0.03414   0.05336   0.00000   0.06560   0.00000   0.00000   0.02421   0.02117   0.06144   1.15779   1.17098   0.96146  
  8 99.0679     68.117635  x:  0.00000   0.01073   0.05754   0.00972   0.06679   0.06576   0.02600   0.03303   0.06514   0.01011   0.04588   0.01667   0.01490   0.00619   0.00987   0.05738   0.05206   0.01750   0.04425   0.08279   0.07288   0.03097   0.00374   0.01299   0.00000   0.13030   0.03575   0.02824   0.07479   0.00358   0.01171   0.00750   0.05869   0.00170   0.03903   0.02639   0.09513   0.06317   0.18449   0.07706   0.00000   0.00117   0.02552   0.01060   0.04003   0.02145   0.06037   0.03221   0.03881   0.05906   0.01902   0.07137   0.06632   0.06335   0.07036   0.02281   0.01135   0.08695   0.01452   0.06129   0.00000   0.04512   0.03377   0.05613   0.05459   0.02607   0.00000   0.01482   0.01702   0.06042   0.06587   0.06449   0.04157   0.02762   0.05606   0.01829   0.03093   0.05018   0.00000   0.06241   0.00000   0.00000   0.02099   0.01795   0.05824   1.15655   1.17098   0.95515  
  9 103.1641     67.647414  x:  0.00000   0.01163   0.05854   0.00889   0.06598   0.06496   0.02515   0.03218   0.06433   0.00926   0.04504   0.01581   0.01403   0.00533   0.00901   0.05654   0.05125   0.01664   0.04341   0.08298   0.07331   0.03074   0.00350   0.01332   0.00000   0.13025   0.03413   0.02657   0.07316   0.00188   0.01003   0.00590   0.05707   0.00000   0.03737   0.02689   0.09533   0.06351   0.18511   0.07849   0.00000   0.00027   0.02687   0.01034   0.03983   0.02061   0.05956   0.03137   0.03797   0.05823   0.01818   0.07057   0.06550   0.06253   0.06956   0.02196   0.01048   0.08705   0.02189   0.06124   0.00000   0.04748   0.02873   0.05266   0.05112   0.02258   0.00000   0.01131   0.01350   0.05694   0.06241   0.06103   0.03808   0.02413   0.05259   0.01479   0.02743   0.04670   0.00000   0.05893   0.00000   0.00000   0.01749   0.01444   0.05475   1.15580   1.17098   0.94922  
 10 269.9502     67.495565  x:  0.00000   0.01174   0.05869   0.00864   0.06573   0.06471   0.02489   0.03192   0.06408   0.00899   0.04479   0.01554   0.01377   0.00507   0.00874   0.05629   0.05100   0.01638   0.04315   0.08307   0.07340   0.03067   0.00343   0.01337   0.00000   0.13038   0.03364   0.02607   0.07267   0.00137   0.00951   0.00542   0.05658   0.00000   0.03686   0.02699   0.09545   0.06354   0.18536   0.07872   0.00000   0.00000   0.02706   0.01026   0.03977   0.02035   0.05931   0.03111   0.03771   0.05798   0.01793   0.07033   0.06525   0.06228   0.06931   0.02170   0.01021   0.08712   0.02409   0.06121   0.00000   0.04708   0.02707   0.05163   0.05010   0.02155   0.00000   0.01026   0.01246   0.05590   0.06140   0.06001   0.03705   0.02309   0.05157   0.01375   0.02639   0.04567   0.00000   0.05790   0.00000   0.00000   0.01644   0.01339   0.05371   1.15477   1.17098   0.94681  
 11 196.4251     67.105614  x:  0.00000   0.01167   0.05886   0.00975   0.06693   0.06592   0.02599   0.03304   0.06526   0.01009   0.04590   0.01660   0.01483   0.00615   0.00980   0.05740   0.05217   0.01746   0.04427   0.08347   0.07652   0.03319   0.00594   0.01626   0.00000   0.13083   0.03266   0.02478   0.07143   0.00000   0.00815   0.00450   0.05546   0.00000   0.03559   0.02820   0.09598   0.06456   0.18632   0.07778   0.00000   0.00000   0.02583   0.01292   0.04259   0.02148   0.06049   0.03222   0.03883   0.05913   0.01907   0.07157   0.06643   0.06346   0.07051   0.02278   0.01128   0.08757   0.02193   0.06113   0.00000   0.03116   0.01799   0.04705   0.04563   0.01692   0.00000   0.00544   0.00765   0.05119   0.05696   0.05555   0.03240   0.01843   0.04708   0.00905   0.02169   0.04109   0.00000   0.05320   0.00000   0.00000   0.01166   0.00860   0.04899   1.14348   1.17098   0.92950  
 12 27.8889     66.605213  x:  0.00000   0.01059   0.05811   0.01080   0.06808   0.06709   0.02702   0.03409   0.06639   0.01112   0.04695   0.01759   0.01582   0.00718   0.01080   0.05844   0.05329   0.01847   0.04532   0.08409   0.07917   0.03586   0.00858   0.01863   0.00000   0.13152   0.03150   0.02318   0.06989   0.00000   0.00645   0.00342   0.05408   0.00000   0.03402   0.02906   0.09681   0.06517   0.18784   0.07600   0.00000   0.00000   0.02365   0.01546   0.04533   0.02256   0.06163   0.03326   0.03990   0.06022   0.02016   0.07277   0.06756   0.06459   0.07166   0.02380   0.01229   0.08820   0.02394   0.06099   0.00000   0.01072   0.00660   0.04197   0.04071   0.01176   0.00000   0.00000   0.00223   0.04591   0.05208   0.05064   0.02723   0.01324   0.04214   0.00379   0.01645   0.03600   0.00000   0.04794   0.00000   0.00000   0.00627   0.00319   0.04369   1.12398   1.17098   0.90530  
 13 186.3904     66.590173  x:  0.00000   0.00448   0.05223   0.01188   0.06931   0.06833   0.02816   0.03524   0.06760   0.01227   0.04811   0.01870   0.01693   0.00832   0.01191   0.05959   0.05448   0.01960   0.04648   0.08470   0.07724   0.03796   0.01065   0.01656   0.00000   0.13216   0.03214   0.02328   0.06999   0.00000   0.00641   0.00409   0.05439   0.00000   0.03410   0.02575   0.09762   0.06200   0.18923   0.07113   0.00000   0.00000   0.01843   0.01555   0.04561   0.02373   0.06285   0.03441   0.04106   0.06141   0.02133   0.07404   0.06877   0.06580   0.07289   0.02494   0.01340   0.08868   0.03416   0.06090   0.00000   0.00000   0.00080   0.04210   0.04110   0.01182   0.00000   0.00000   0.00189   0.04574   0.05253   0.05105   0.02725   0.01325   0.04249   0.00371   0.01637   0.03613   0.00000   0.04779   0.00000   0.00000   0.00597   0.00287   0.04351   1.10053   1.17098   0.88701  
 14  9.7148     66.501741  x:  0.00000   0.00807   0.05576   0.01159   0.06891   0.06792   0.02783   0.03490   0.06721   0.01194   0.04774   0.01839   0.01662   0.00800   0.01160   0.05922   0.05411   0.01928   0.04613   0.08461   0.08014   0.03686   0.00959   0.01950   0.00000   0.13190   0.03214   0.02354   0.07022   0.00000   0.00677   0.00412   0.05454   0.00000   0.03439   0.02964   0.09745   0.06572   0.18868   0.06972   0.00000   0.00000   0.01708   0.01712   0.04709   0.02339   0.06246   0.03407   0.04071   0.06103   0.02100   0.07362   0.06838   0.06541   0.07248   0.02461   0.01309   0.08887   0.00000   0.06087   0.00000   0.00000   0.00417   0.04240   0.04126   0.01215   0.00000   0.00000   0.00246   0.04621   0.05266   0.05120   0.02763   0.01363   0.04267   0.00415   0.01680   0.03642   0.00000   0.04824   0.00000   0.00000   0.00652   0.00344   0.04399   1.10319   1.17098   0.89286  
 15  3.8806     66.361104  x:  0.00000   0.00614   0.05383   0.01165   0.06906   0.06808   0.02791   0.03499   0.06735   0.01201   0.04785   0.01844   0.01667   0.00806   0.01165   0.05933   0.05424   0.01934   0.04623   0.08461   0.07793   0.03784   0.01054   0.01724   0.00000   0.13231   0.03195   0.02303   0.06974   0.00000   0.00614   0.00394   0.05416   0.00000   0.03384   0.02839   0.09757   0.06484   0.18958   0.06888   0.00000   0.00000   0.01618   0.01598   0.04605   0.02348   0.06260   0.03416   0.04080   0.06115   0.02108   0.07379   0.06852   0.06555   0.07264   0.02468   0.01314   0.08839   0.00000   0.06093   0.00000   0.00000   0.00000   0.04186   0.04088   0.01156   0.00000   0.00000   0.00160   0.04547   0.05231   0.05083   0.02700   0.01299   0.04226   0.00345   0.01611   0.03588   0.00000   0.04752   0.00000   0.00000   0.00568   0.00258   0.04323   1.09748   1.17098   0.88681  
 16 17.9823     66.193187  x:  0.00000   0.00667   0.05435   0.01149   0.06900   0.06802   0.02774   0.03484   0.06727   0.01184   0.04773   0.01824   0.01648   0.00787   0.01145   0.05921   0.05415   0.01916   0.04609   0.08453   0.07551   0.03877   0.01142   0.01478   0.00000   0.13253   0.03134   0.02215   0.06891   0.00000   0.00513   0.00337   0.05341   0.00000   0.03291   0.02940   0.09754   0.06601   0.19008   0.07009   0.00000   0.00000   0.01739   0.01441   0.04459   0.02332   0.06253   0.03400   0.04067   0.06105   0.02092   0.07375   0.06843   0.06546   0.07259   0.02451   0.01295   0.08795   0.00000   0.06099   0.00000   0.00000   0.00000   0.04056   0.03973   0.01023   0.00000   0.00000   0.00000   0.04399   0.05120   0.04970   0.02561   0.01159   0.04108   0.00199   0.01466   0.03460   0.00000   0.04606   0.00000   0.00000   0.00410   0.00098   0.04173   1.09600   1.17098   0.88498  
 17  6.5756     66.094385  x:  0.00000   0.00714   0.05480   0.01138   0.06894   0.06795   0.02762   0.03473   0.06720   0.01170   0.04763   0.01810   0.01634   0.00774   0.01131   0.05912   0.05407   0.01902   0.04599   0.08447   0.07389   0.03932   0.01194   0.01313   0.00000   0.13267   0.03095   0.02159   0.06838   0.00000   0.00449   0.00301   0.05294   0.00000   0.03233   0.03015   0.09751   0.06686   0.19038   0.07108   0.00000   0.00000   0.01838   0.01334   0.04358   0.02320   0.06246   0.03389   0.04056   0.06097   0.02080   0.07370   0.06836   0.06539   0.07253   0.02438   0.01281   0.08769   0.00000   0.06103   0.00000   0.00000   0.00000   0.03977   0.03902   0.00942   0.00000   0.00000   0.00000   0.04308   0.05052   0.04900   0.02476   0.01073   0.04037   0.00110   0.01377   0.03381   0.00000   0.04517   0.00000   0.00000   0.00313   0.00000   0.04080   1.09538   1.17098   0.88403  
 18 1544.8708     65.981418  x:  0.00000   0.00733   0.05499   0.01130   0.06893   0.06795   0.02754   0.03466   0.06718   0.01161   0.04758   0.01800   0.01623   0.00764   0.01120   0.05907   0.05404   0.01893   0.04593   0.08442   0.07254   0.04006   0.01264   0.01175   0.00000   0.13283   0.03052   0.02095   0.06778   0.00000   0.00376   0.00261   0.05240   0.00000   0.03166   0.03070   0.09750   0.06753   0.19075   0.07099   0.00000   0.00000   0.01828   0.01251   0.04282   0.02313   0.06244   0.03382   0.04050   0.06094   0.02073   0.07371   0.06834   0.06537   0.07253   0.02429   0.01270   0.08740   0.00000   0.06107   0.00000   0.00000   0.00000   0.03880   0.03815   0.00842   0.00000   0.00000   0.00000   0.04198   0.04968   0.04814   0.02372   0.00968   0.03948   0.00000   0.01268   0.03285   0.00000   0.04407   0.00000   0.00000   0.00194   0.00000   0.03967   1.09457   1.17098   0.88239  
 19 51.3408     65.817998  x:  0.00000   0.00724   0.05492   0.01135   0.06910   0.06812   0.02758   0.03473   0.06733   0.01165   0.04767   0.01801   0.01625   0.00766   0.01121   0.05917   0.05418   0.01896   0.04602   0.08439   0.07082   0.04140   0.01393   0.00997   0.00000   0.13302   0.02990   0.02002   0.06689   0.00000   0.00267   0.00202   0.05162   0.00000   0.03068   0.03118   0.09752   0.06809   0.19122   0.06922   0.00000   0.00000   0.01644   0.01155   0.04197   0.02319   0.06259   0.03388   0.04058   0.06106   0.02079   0.07391   0.06849   0.06551   0.07270   0.02433   0.01271   0.08711   0.00000   0.06111   0.00000   0.00000   0.00000   0.03720   0.03671   0.00677   0.00000   0.00000   0.00000   0.04016   0.04828   0.04672   0.02201   0.00795   0.03801   0.00000   0.01090   0.03125   0.00000   0.04229   0.00000   0.00000   0.00000   0.00000   0.03783   1.09382   1.17098   0.87965  
 20 49.4817     65.441343  x:  0.00000   0.00701   0.05475   0.01148   0.06954   0.06856   0.02772   0.03491   0.06771   0.01174   0.04793   0.01806   0.01629   0.00773   0.01124   0.05944   0.05452   0.01904   0.04625   0.08432   0.06650   0.04472   0.01711   0.00551   0.00000   0.13349   0.02836   0.01771   0.06473   0.00000   0.00000   0.00056   0.04970   0.00000   0.02825   0.03235   0.09756   0.06946   0.19237   0.06475   0.00000   0.00000   0.01182   0.00916   0.03984   0.02336   0.06299   0.03405   0.04080   0.06139   0.02096   0.07441   0.06887   0.06588   0.07316   0.02444   0.01275   0.08642   0.00000   0.06120   0.00000   0.00000   0.00000   0.03325   0.03316   0.00272   0.00000   0.00000   0.00000   0.03570   0.04484   0.04321   0.01781   0.00370   0.03439   0.00000   0.00652   0.02733   0.00000   0.03788   0.00000   0.00000   0.00000   0.00000   0.03328   1.09198   1.17098   0.87292  
 21 43916.8891     65.301819  x:  0.00000   0.00695   0.05471   0.01151   0.06968   0.06871   0.02775   0.03496   0.06784   0.01176   0.04800   0.01806   0.01629   0.00774   0.01124   0.05952   0.05463   0.01905   0.04631   0.08429   0.06494   0.04595   0.01830   0.00389   0.00000   0.13366   0.02777   0.01683   0.06390   0.00000   0.00000   0.00000   0.04896   0.00000   0.02733   0.03280   0.09758   0.06999   0.19281   0.06308   0.00000   0.00000   0.01009   0.00829   0.03906   0.02340   0.06312   0.03409   0.04086   0.06149   0.02101   0.07458   0.06900   0.06600   0.07331   0.02446   0.01275   0.08615   0.00000   0.06123   0.00000   0.00000   0.00000   0.03176   0.03181   0.00119   0.00000   0.00000   0.00000   0.03402   0.04354   0.04188   0.01622   0.00210   0.03302   0.00000   0.00487   0.02584   0.00000   0.03621   0.00000   0.00000   0.00000   0.00000   0.03157   1.09147   1.17098   0.87034  
 22 3484.2349     65.193285  x:  0.00000   0.00677   0.05457   0.01149   0.06975   0.06877   0.02773   0.03495   0.06789   0.01173   0.04801   0.01802   0.01625   0.00771   0.01119   0.05954   0.05467   0.01901   0.04632   0.08427   0.06413   0.04684   0.01916   0.00303   0.00000   0.13379   0.02731   0.01616   0.06325   0.00000   0.00000   0.00000   0.04838   0.00000   0.02660   0.03295   0.09759   0.07016   0.19312   0.06200   0.00000   0.00000   0.00895   0.00780   0.03866   0.02339   0.06317   0.03408   0.04086   0.06152   0.02100   0.07466   0.06904   0.06605   0.07338   0.02443   0.01271   0.08598   0.00000   0.06125   0.00000   0.00000   0.00000   0.03061   0.03077   0.00000   0.00000   0.00000   0.00000   0.03272   0.04253   0.04085   0.01499   0.00086   0.03196   0.00000   0.00359   0.02470   0.00000   0.03493   0.00000   0.00000   0.00000   0.00000   0.03024   1.09115   1.17098   0.86850  
 23 281.2245     65.123159  x:  0.00000   0.00666   0.05449   0.01144   0.06975   0.06878   0.02769   0.03492   0.06788   0.01168   0.04799   0.01796   0.01619   0.00765   0.01113   0.05952   0.05467   0.01896   0.04629   0.08426   0.06388   0.04740   0.01970   0.00274   0.00000   0.13387   0.02700   0.01569   0.06279   0.00000   0.00000   0.00000   0.04798   0.00000   0.02610   0.03295   0.09760   0.07017   0.19331   0.06144   0.00000   0.00000   0.00836   0.00760   0.03851   0.02336   0.06317   0.03405   0.04083   0.06151   0.02096   0.07468   0.06904   0.06605   0.07339   0.02438   0.01265   0.08587   0.00000   0.06127   0.00000   0.00000   0.00000   0.02981   0.03005   0.00000   0.00000   0.00000   0.00000   0.03183   0.04182   0.04013   0.01414   0.00000   0.03123   0.00000   0.00271   0.02390   0.00000   0.03405   0.00000   0.00000   0.00000   0.00000   0.02933   1.09103   1.17098   0.86748  
 24 223.9001     64.922289  x:  0.00000   0.00645   0.05433   0.01127   0.06975   0.06877   0.02752   0.03478   0.06785   0.01149   0.04790   0.01775   0.01598   0.00745   0.01092   0.05943   0.05461   0.01876   0.04618   0.08421   0.06342   0.04908   0.02132   0.00214   0.00000   0.13409   0.02604   0.01426   0.06138   0.00000   0.00000   0.00000   0.04673   0.00000   0.02454   0.03282   0.09763   0.07011   0.19385   0.05990   0.00000   0.00000   0.00672   0.00710   0.03815   0.02321   0.06314   0.03390   0.04071   0.06145   0.02081   0.07470   0.06901   0.06601   0.07339   0.02421   0.01243   0.08554   0.00000   0.06131   0.00000   0.00000   0.00000   0.02735   0.02781   0.00000   0.00000   0.00000   0.00000   0.02908   0.03965   0.03791   0.01153   0.00000   0.02895   0.00000   0.00000   0.02146   0.00000   0.03134   0.00000   0.00000   0.00000   0.00000   0.02654   1.09081   1.17098   0.86466  
 25 1013.8736     64.152223  x:  0.00000   0.00598   0.05408   0.01056   0.06970   0.06871   0.02682   0.03419   0.06769   0.01070   0.04748   0.01687   0.01510   0.00660   0.01001   0.05906   0.05438   0.01794   0.04570   0.08401   0.06179   0.05598   0.02799   0.00000   0.00000   0.13496   0.02208   0.00835   0.05555   0.00000   0.00000   0.00000   0.04155   0.00000   0.01810   0.03201   0.09773   0.06956   0.19598   0.05375   0.00000   0.00000   0.00020   0.00507   0.03671   0.02259   0.06300   0.03328   0.04019   0.06119   0.02018   0.07477   0.06884   0.06582   0.07340   0.02346   0.01152   0.08425   0.00000   0.06148   0.00000   0.00000   0.00000   0.01714   0.01853   0.00000   0.00000   0.00000   0.00000   0.01768   0.03061   0.02870   0.00073   0.00000   0.01950   0.00000   0.00000   0.01130   0.00000   0.02007   0.00000   0.00000   0.00000   0.00000   0.01494   1.09003   1.17098   0.85345  
 26 2129.7942     64.129737  x:  0.00000   0.00595   0.05405   0.01054   0.06969   0.06871   0.02680   0.03418   0.06768   0.01068   0.04747   0.01684   0.01507   0.00658   0.00998   0.05905   0.05437   0.01791   0.04569   0.08400   0.06172   0.05618   0.02818   0.00000   0.00000   0.13498   0.02196   0.00818   0.05538   0.00000   0.00000   0.00000   0.04140   0.00000   0.01791   0.03200   0.09773   0.06956   0.19604   0.05357   0.00000   0.00000   0.00000   0.00500   0.03666   0.02257   0.06300   0.03326   0.04018   0.06118   0.02016   0.07477   0.06883   0.06581   0.07340   0.02343   0.01150   0.08421   0.00000   0.06149   0.00000   0.00000   0.00000   0.01685   0.01826   0.00000   0.00000   0.00000   0.00000   0.01735   0.03035   0.02843   0.00041   0.00000   0.01923   0.00000   0.00000   0.01101   0.00000   0.01974   0.00000   0.00000   0.00000   0.00000   0.01460   1.09003   1.17098   0.85312  
 27 4179.0433     64.101432  x:  0.00000   0.00584   0.05395   0.01051   0.06970   0.06871   0.02677   0.03416   0.06768   0.01065   0.04746   0.01681   0.01504   0.00655   0.00995   0.05904   0.05437   0.01789   0.04567   0.08399   0.06164   0.05644   0.02843   0.00000   0.00000   0.13502   0.02181   0.00796   0.05516   0.00000   0.00000   0.00000   0.04121   0.00000   0.01767   0.03203   0.09773   0.06961   0.19613   0.05317   0.00000   0.00000   0.00000   0.00489   0.03657   0.02255   0.06300   0.03324   0.04016   0.06117   0.02014   0.07478   0.06883   0.06581   0.07340   0.02341   0.01147   0.08416   0.00000   0.06149   0.00000   0.00000   0.00000   0.01646   0.01791   0.00000   0.00000   0.00000   0.00000   0.01692   0.03001   0.02809   0.00000   0.00000   0.01887   0.00000   0.00000   0.01062   0.00000   0.01932   0.00000   0.00000   0.00000   0.00000   0.01417   1.08999   1.17098   0.85268  
 28 382.8239     63.395546  x:  0.00000   0.00022   0.04858   0.00999   0.06990   0.06892   0.02632   0.03382   0.06778   0.01011   0.04728   0.01617   0.01440   0.00595   0.00928   0.05890   0.05437   0.01731   0.04543   0.08384   0.06092   0.06330   0.03504   0.00000   0.00000   0.13591   0.01760   0.00197   0.04936   0.00000   0.00000   0.00000   0.03598   0.00000   0.01127   0.03522   0.09778   0.07304   0.19825   0.04183   0.00000   0.00000   0.00000   0.00217   0.03444   0.02218   0.06312   0.03287   0.03989   0.06115   0.01977   0.07512   0.06892   0.06588   0.07365   0.02290   0.01081   0.08288   0.00000   0.06167   0.00000   0.00000   0.00000   0.00580   0.00809   0.00000   0.00000   0.00000   0.00000   0.00514   0.02043   0.01835   0.00000   0.00000   0.00892   0.00000   0.00000   0.00000   0.00000   0.00766   0.00000   0.00000   0.00000   0.00000   0.00219   1.08813   1.17098   0.84103  
 29 264.6545     63.372490  x:  0.00000   0.00000   0.04837   0.00997   0.06991   0.06892   0.02630   0.03380   0.06778   0.01009   0.04727   0.01615   0.01438   0.00593   0.00926   0.05889   0.05437   0.01729   0.04542   0.08383   0.06091   0.06354   0.03528   0.00000   0.00000   0.13594   0.01745   0.00176   0.04915   0.00000   0.00000   0.00000   0.03580   0.00000   0.01104   0.03535   0.09778   0.07317   0.19832   0.04144   0.00000   0.00000   0.00000   0.00208   0.03437   0.02217   0.06312   0.03286   0.03988   0.06115   0.01975   0.07513   0.06892   0.06588   0.07366   0.02289   0.01079   0.08284   0.00000   0.06168   0.00000   0.00000   0.00000   0.00542   0.00774   0.00000   0.00000   0.00000   0.00000   0.00472   0.02009   0.01800   0.00000   0.00000   0.00857   0.00000   0.00000   0.00000   0.00000   0.00725   0.00000   0.00000   0.00000   0.00000   0.00177   1.08806   1.17098   0.84062  
 30 8389.8341     63.280716  x:  0.00000   0.00000   0.04725   0.00989   0.06995   0.06896   0.02624   0.03376   0.06780   0.01002   0.04725   0.01606   0.01429   0.00585   0.00917   0.05888   0.05437   0.01722   0.04539   0.08381   0.06084   0.06455   0.03625   0.00000   0.00000   0.13606   0.01683   0.00088   0.04830   0.00000   0.00000   0.00000   0.03503   0.00000   0.01011   0.03584   0.09778   0.07370   0.19863   0.03982   0.00000   0.00000   0.00000   0.00169   0.03406   0.02212   0.06314   0.03281   0.03985   0.06115   0.01971   0.07519   0.06894   0.06590   0.07370   0.02282   0.01070   0.08266   0.00000   0.06170   0.00000   0.00000   0.00000   0.00385   0.00630   0.00000   0.00000   0.00000   0.00000   0.00298   0.01868   0.01657   0.00000   0.00000   0.00710   0.00000   0.00000   0.00000   0.00000   0.00553   0.00000   0.00000   0.00000   0.00000   0.00000   1.08777   1.17098   0.83893  
 31 2099.9479     63.196794  x:  0.00000   0.00000   0.04620   0.00982   0.06999   0.06901   0.02619   0.03372   0.06783   0.00995   0.04724   0.01599   0.01421   0.00578   0.00909   0.05887   0.05439   0.01715   0.04537   0.08379   0.06078   0.06554   0.03720   0.00000   0.00000   0.13618   0.01620   0.00000   0.04745   0.00000   0.00000   0.00000   0.03426   0.00000   0.00918   0.03620   0.09779   0.07408   0.19891   0.03814   0.00000   0.00000   0.00000   0.00124   0.03369   0.02208   0.06318   0.03277   0.03982   0.06116   0.01967   0.07525   0.06897   0.06593   0.07376   0.02276   0.01062   0.08249   0.00000   0.06173   0.00000   0.00000   0.00000   0.00225   0.00482   0.00000   0.00000   0.00000   0.00000   0.00122   0.01723   0.01510   0.00000   0.00000   0.00560   0.00000   0.00000   0.00000   0.00000   0.00379   0.00000   0.00000   0.00000   0.00000   0.00000   1.08762   1.17098   0.83727  
 32 219.0172     63.141274  x:  0.00000   0.00000   0.04552   0.00977   0.07003   0.06904   0.02616   0.03371   0.06786   0.00991   0.04723   0.01594   0.01416   0.00573   0.00903   0.05887   0.05440   0.01711   0.04537   0.08377   0.06074   0.06622   0.03786   0.00000   0.00000   0.13626   0.01576   0.00000   0.04687   0.00000   0.00000   0.00000   0.03373   0.00000   0.00854   0.03642   0.09780   0.07431   0.19910   0.03698   0.00000   0.00000   0.00000   0.00090   0.03340   0.02206   0.06320   0.03275   0.03981   0.06117   0.01965   0.07530   0.06900   0.06595   0.07379   0.02273   0.01057   0.08238   0.00000   0.06175   0.00000   0.00000   0.00000   0.00114   0.00379   0.00000   0.00000   0.00000   0.00000   0.00000   0.01622   0.01407   0.00000   0.00000   0.00455   0.00000   0.00000   0.00000   0.00000   0.00258   0.00000   0.00000   0.00000   0.00000   0.00000   1.08749   1.17098   0.83616  
 33 1855.7814     63.091598  x:  0.00000   0.00000   0.04490   0.00973   0.07006   0.06908   0.02614   0.03369   0.06789   0.00987   0.04723   0.01589   0.01412   0.00569   0.00898   0.05887   0.05441   0.01707   0.04536   0.08376   0.06074   0.06689   0.03850   0.00000   0.00000   0.13634   0.01531   0.00000   0.04629   0.00000   0.00000   0.00000   0.03320   0.00000   0.00790   0.03662   0.09780   0.07453   0.19928   0.03584   0.00000   0.00000   0.00000   0.00053   0.03310   0.02204   0.06323   0.03273   0.03980   0.06119   0.01963   0.07535   0.06902   0.06597   0.07384   0.02269   0.01052   0.08228   0.00000   0.06176   0.00000   0.00000   0.00000   0.00000   0.00272   0.00000   0.00000   0.00000   0.00000   0.00000   0.01518   0.01302   0.00000   0.00000   0.00348   0.00000   0.00000   0.00000   0.00000   0.00135   0.00000   0.00000   0.00000   0.00000   0.00000   1.08738   1.17098   0.83509  
 34 474.4108     63.044549  x:  0.00000   0.00000   0.04429   0.00968   0.07011   0.06912   0.02611   0.03367   0.06792   0.00984   0.04723   0.01584   0.01407   0.00565   0.00893   0.05888   0.05443   0.01703   0.04535   0.08374   0.06077   0.06759   0.03917   0.00000   0.00000   0.13642   0.01482   0.00000   0.04566   0.00000   0.00000   0.00000   0.03262   0.00000   0.00722   0.03683   0.09781   0.07475   0.19947   0.03465   0.00000   0.00000   0.00000   0.00013   0.03275   0.02202   0.06326   0.03271   0.03979   0.06121   0.01961   0.07541   0.06906   0.06600   0.07388   0.02266   0.01047   0.08217   0.00000   0.06178   0.00000   0.00000   0.00000   0.00000   0.00155   0.00000   0.00000   0.00000   0.00000   0.00000   0.01403   0.01185   0.00000   0.00000   0.00229   0.00000   0.00000   0.00000   0.00000   0.00000   0.00000   0.00000   0.00000   0.00000   0.00000   1.08726   1.17098   0.83399  
 35 408.3440     63.032088  x:  0.00000   0.00000   0.04411   0.00967   0.07012   0.06914   0.02610   0.03367   0.06793   0.00983   0.04723   0.01583   0.01406   0.00564   0.00892   0.05888   0.05444   0.01702   0.04535   0.08374   0.06079   0.06780   0.03938   0.00000   0.00000   0.13644   0.01466   0.00000   0.04547   0.00000   0.00000   0.00000   0.03244   0.00000   0.00701   0.03689   0.09781   0.07482   0.19952   0.03430   0.00000   0.00000   0.00000   0.00000   0.03264   0.02202   0.06327   0.03270   0.03979   0.06121   0.01960   0.07543   0.06907   0.06601   0.07390   0.02265   0.01046   0.08214   0.00000   0.06178   0.00000   0.00000   0.00000   0.00000   0.00118   0.00000   0.00000   0.00000   0.00000   0.00000   0.01365   0.01148   0.00000   0.00000   0.00191   0.00000   0.00000   0.00000   0.00000   0.00000   0.00000   0.00000   0.00000   0.00000   0.00000   1.08722   1.17098   0.83366  
 36 257.0242     62.994673  x:  0.00000   0.00000   0.04356   0.00962   0.07016   0.06918   0.02608   0.03365   0.06796   0.00979   0.04723   0.01579   0.01401   0.00560   0.00887   0.05888   0.05445   0.01698   0.04535   0.08372   0.06083   0.06847   0.04003   0.00000   0.00000   0.13651   0.01418   0.00000   0.04486   0.00000   0.00000   0.00000   0.03188   0.00000   0.00634   0.03709   0.09781   0.07503   0.19969   0.03316   0.00000   0.00000   0.00000   0.00000   0.03231   0.02200   0.06331   0.03269   0.03978   0.06123   0.01959   0.07549   0.06910   0.06604   0.07394   0.02262   0.01041   0.08205   0.00000   0.06180   0.00000   0.00000   0.00000   0.00000   0.00000   0.00000   0.00000   0.00000   0.00000   0.00000   0.01250   0.01031   0.00000   0.00000   0.00073   0.00000   0.00000   0.00000   0.00000   0.00000   0.00000   0.00000   0.00000   0.00000   0.00000   1.08717   1.17098   0.83260  
 37 1520.4741     62.975845  x:  0.00000   0.00000   0.04325   0.00960   0.07018   0.06920   0.02606   0.03364   0.06797   0.00977   0.04723   0.01576   0.01398   0.00557   0.00884   0.05888   0.05446   0.01696   0.04534   0.08371   0.06081   0.06885   0.04040   0.00000   0.00000   0.13655   0.01388   0.00000   0.04449   0.00000   0.00000   0.00000   0.03154   0.00000   0.00595   0.03722   0.09781   0.07516   0.19978   0.03250   0.00000   0.00000   0.00000   0.00000   0.03222   0.02199   0.06332   0.03267   0.03978   0.06123   0.01958   0.07551   0.06911   0.06605   0.07396   0.02260   0.01038   0.08200   0.00000   0.06181   0.00000   0.00000   0.00000   0.00000   0.00000   0.00000   0.00000   0.00000   0.00000   0.00000   0.01180   0.00960   0.00000   0.00000   0.00000   0.00000   0.00000   0.00000   0.00000   0.00000   0.00000   0.00000   0.00000   0.00000   0.00000   1.08719   1.17098   0.83199  
 38 124.8070     62.784521  x:  0.00000   0.00000   0.03975   0.00927   0.07045   0.06948   0.02586   0.03352   0.06817   0.00950   0.04720   0.01542   0.01365   0.00526   0.00848   0.05888   0.05456   0.01668   0.04528   0.08363   0.06004   0.07354   0.04489   0.00000   0.00000   0.13697   0.00992   0.00000   0.03981   0.00000   0.00000   0.00000   0.02712   0.00000   0.00089   0.03864   0.09783   0.07657   0.20077   0.02481   0.00000   0.00000   0.00000   0.00000   0.03212   0.02185   0.06352   0.03253   0.03970   0.06133   0.01945   0.07589   0.06931   0.06624   0.07425   0.02236   0.01004   0.08144   0.00000   0.06191   0.00000   0.00000   0.00000   0.00000   0.00000   0.00000   0.00000   0.00000   0.00000   0.00000   0.00228   0.00000   0.00000   0.00000   0.00000   0.00000   0.00000   0.00000   0.00000   0.00000   0.00000   0.00000   0.00000   0.00000   0.00000   1.08766   1.17098   0.82488  
 39 102.9925     62.760551  x:  0.00000   0.00000   0.03925   0.00922   0.07050   0.06954   0.02583   0.03350   0.06821   0.00946   0.04720   0.01537   0.01359   0.00522   0.00843   0.05889   0.05458   0.01663   0.04528   0.08362   0.05986   0.07432   0.04564   0.00000   0.00000   0.13703   0.00920   0.00000   0.03898   0.00000   0.00000   0.00000   0.02634   0.00000   0.00000   0.03886   0.09784   0.07678   0.20091   0.02363   0.00000   0.00000   0.00000   0.00000   0.03220   0.02184   0.06356   0.03251   0.03969   0.06135   0.01943   0.07596   0.06935   0.06627   0.07430   0.02232   0.00999   0.08137   0.00000   0.06193   0.00000   0.00000   0.00000   0.00000   0.00000   0.00000   0.00000   0.00000   0.00000   0.00000   0.00050   0.00000   0.00000   0.00000   0.00000   0.00000   0.00000   0.00000   0.00000   0.00000   0.00000   0.00000   0.00000   0.00000   0.00000   1.08778   1.17098   0.82379  
 40 79.1825     62.755079  x:  0.00000   0.00000   0.03911   0.00921   0.07051   0.06955   0.02583   0.03350   0.06822   0.00945   0.04720   0.01536   0.01358   0.00520   0.00841   0.05889   0.05458   0.01662   0.04528   0.08362   0.05980   0.07453   0.04584   0.00000   0.00000   0.13705   0.00900   0.00000   0.03876   0.00000   0.00000   0.00000   0.02612   0.00000   0.00000   0.03891   0.09784   0.07684   0.20095   0.02332   0.00000   0.00000   0.00000   0.00000   0.03223   0.02183   0.06357   0.03251   0.03969   0.06136   0.01943   0.07598   0.06936   0.06628   0.07431   0.02231   0.00998   0.08135   0.00000   0.06193   0.00000   0.00000   0.00000   0.00000   0.00000   0.00000   0.00000   0.00000   0.00000   0.00000   0.00000   0.00000   0.00000   0.00000   0.00000   0.00000   0.00000   0.00000   0.00000   0.00000   0.00000   0.00000   0.00000   0.00000   0.00000   1.08781   1.17098   0.82350  
 41 2061.8868     62.634601  x:  0.00000   0.00000   0.03586   0.00867   0.07097   0.07004   0.02547   0.03326   0.06856   0.00896   0.04709   0.01475   0.01297   0.00464   0.00776   0.05884   0.05473   0.01612   0.04514   0.08353   0.05776   0.08235   0.05332   0.00000   0.00000   0.13747   0.00000   0.00000   0.02913   0.00000   0.00000   0.00000   0.01678   0.00000   0.00000   0.04111   0.09784   0.07885   0.20187   0.01260   0.00000   0.00000   0.00000   0.00000   0.03318   0.02160   0.06390   0.03225   0.03954   0.06149   0.01922   0.07665   0.06971   0.06660   0.07478   0.02187   0.00937   0.08086   0.00000   0.06207   0.00000   0.00000   0.00000   0.00000   0.00000   0.00000   0.00000   0.00000   0.00000   0.00000   0.00000   0.00000   0.00000   0.00000   0.00000   0.00000   0.00000   0.00000   0.00000   0.00000   0.00000   0.00000   0.00000   0.00000   0.00000   1.09094   1.17098   0.81367  
 42 23.6089     62.529265  x:  0.00000   0.00000   0.03212   0.00799   0.07163   0.07075   0.02503   0.03297   0.06907   0.00832   0.04698   0.01397   0.01218   0.00392   0.00691   0.05881   0.05495   0.01549   0.04499   0.08346   0.05484   0.09274   0.06323   0.00000   0.00000   0.13795   0.00000   0.00000   0.01575   0.00000   0.00000   0.00000   0.00370   0.00000   0.00000   0.04344   0.09787   0.08088   0.20292   0.00000   0.00000   0.00000   0.00000   0.00000   0.03428   0.02132   0.06437   0.03193   0.03937   0.06171   0.01898   0.07758   0.07022   0.06708   0.07544   0.02130   0.00859   0.08033   0.00000   0.06222   0.00000   0.00000   0.00000   0.00000   0.00000   0.00000   0.00000   0.00000   0.00000   0.00000   0.00000   0.00000   0.00000   0.00000   0.00000   0.00000   0.00000   0.00000   0.00000   0.00000   0.00000   0.00000   0.00000   0.00000   0.00000   1.09443   1.17098   0.80219  
 43 69.0565     62.518263  x:  0.00000   0.00000   0.03109   0.00780   0.07181   0.07095   0.02491   0.03289   0.06921   0.00815   0.04695   0.01376   0.01196   0.00372   0.00667   0.05880   0.05502   0.01532   0.04495   0.08344   0.05403   0.09561   0.06597   0.00000   0.00000   0.13808   0.00000   0.00000   0.01198   0.00000   0.00000   0.00000   0.00000   0.00000   0.00000   0.04410   0.09787   0.08147   0.20321   0.00000   0.00000   0.00000   0.00000   0.00000   0.03453   0.02124   0.06451   0.03184   0.03932   0.06177   0.01892   0.07785   0.07037   0.06722   0.07562   0.02115   0.00838   0.08019   0.00000   0.06226   0.00000   0.00000   0.00000   0.00000   0.00000   0.00000   0.00000   0.00000   0.00000   0.00000   0.00000   0.00000   0.00000   0.00000   0.00000   0.00000   0.00000   0.00000   0.00000   0.00000   0.00000   0.00000   0.00000   0.00000   0.00000   1.09536   1.17098   0.79911  
 44 171.8576     62.403635  x:  0.00000   0.00000   0.05603   0.01236   0.06737   0.06615   0.02785   0.03483   0.06577   0.01240   0.04773   0.01900   0.01726   0.00858   0.01238   0.05903   0.05350   0.01954   0.04595   0.08389   0.07336   0.02642   0.00000   0.00000   0.00000   0.13498   0.00000   0.00000   0.10281   0.00000   0.00000   0.00000   0.00000   0.00000   0.00000   0.02868   0.09772   0.06783   0.19645   0.00000   0.00000   0.00000   0.00000   0.00000   0.02842   0.02309   0.06130   0.03395   0.04047   0.06032   0.02046   0.07147   0.06686   0.06396   0.07120   0.02495   0.01359   0.08356   0.00000   0.06128   0.00000   0.00000   0.00000   0.00000   0.00000   0.00000   0.00000   0.00000   0.00000   0.00000   0.00000   0.00000   0.00000   0.00000   0.00000   0.00000   0.00000   0.00000   0.00000   0.00000   0.00000   0.00000   0.00000   0.00000   0.00000   1.07509   1.17098   0.87206  
 45 1001.4654     62.034674  x:  0.00000   0.00000   0.03819   0.00672   0.07083   0.07010   0.02366   0.03160   0.06822   0.00685   0.04549   0.01232   0.01052   0.00237   0.00520   0.05733   0.05386   0.01403   0.04361   0.08321   0.05023   0.09486   0.00000   0.00000   0.00000   0.13676   0.00000   0.00000   0.00000   0.00000   0.00000   0.00000   0.00000   0.00000   0.00000   0.05194   0.09723   0.08822   0.19983   0.00000   0.00000   0.00000   0.00000   0.00000   0.02587   0.02008   0.06345   0.03059   0.03805   0.06052   0.01786   0.07711   0.06940   0.06625   0.07450   0.01978   0.00705   0.08149   0.00000   0.06247   0.00000   0.00000   0.00000   0.00000   0.00000   0.00000   0.00000   0.00000   0.00000   0.00000   0.00000   0.00000   0.00000   0.00000   0.00000   0.00000   0.00000   0.00000   0.00000   0.00000   0.00000   0.00000   0.00000   0.00000   0.00000   1.12480   1.17098   0.79570  
 46 14.8804     61.338078  x:  0.00000   0.00000   0.06338   0.00469   0.06401   0.06334   0.02038   0.02772   0.06192   0.00422   0.04065   0.00998   0.00820   0.00000   0.00304   0.05216   0.04833   0.01140   0.03912   0.08290   0.05298   0.05292   0.00000   0.00000   0.00000   0.13327   0.00000   0.00000   0.00000   0.00000   0.00000   0.00000   0.00000   0.00000   0.00000   0.06010   0.09597   0.09552   0.19134   0.00000   0.00000   0.00000   0.00000   0.00000   0.00575   0.01638   0.05717   0.02686   0.03378   0.05485   0.01418   0.06967   0.06312   0.06009   0.06743   0.01677   0.00488   0.08504   0.00000   0.06250   0.00000   0.00000   0.00000   0.00000   0.00000   0.00000   0.00000   0.00000   0.00000   0.00000   0.00000   0.00000   0.00000   0.00000   0.00000   0.00000   0.00000   0.00000   0.00000   0.00000   0.00000   0.00000   0.00000   0.00000   0.00000   1.16932   1.17098   0.82351  
 47 11.4780     61.156937  x:  0.00000   0.00000   0.06824   0.00442   0.06239   0.06173   0.01979   0.02695   0.06045   0.00381   0.03961   0.00965   0.00788   0.00000   0.00277   0.05102   0.04709   0.01098   0.03818   0.08294   0.05348   0.04144   0.00000   0.00000   0.00000   0.13257   0.00000   0.00000   0.00000   0.00000   0.00000   0.00000   0.00000   0.00000   0.00000   0.06062   0.09578   0.09567   0.18966   0.00000   0.00000   0.00000   0.00000   0.00000   0.00000   0.01565   0.05571   0.02613   0.03289   0.05356   0.01345   0.06787   0.06165   0.05866   0.06574   0.01625   0.00460   0.08585   0.00000   0.06243   0.00000   0.00000   0.00000   0.00000   0.00000   0.00000   0.00000   0.00000   0.00000   0.00000   0.00000   0.00000   0.00000   0.00000   0.00000   0.00000   0.00000   0.00000   0.00000   0.00000   0.00000   0.00000   0.00000   0.00000   0.00000   1.17893   1.17098   0.83154  
 48 95.2993     60.612253  x:  0.00000   0.00000   0.08429   0.00362   0.05671   0.05610   0.01783   0.02437   0.05530   0.00254   0.03605   0.00868   0.00693   0.00000   0.00199   0.04711   0.04276   0.00969   0.03497   0.08301   0.05369   0.00000   0.00000   0.00000   0.00000   0.13021   0.00000   0.00000   0.00000   0.00000   0.00000   0.00000   0.00000   0.00000   0.00000   0.06165   0.09513   0.09572   0.18408   0.00000   0.00000   0.00000   0.00000   0.00000   0.00000   0.01321   0.05063   0.02370   0.02990   0.04911   0.01100   0.06154   0.05652   0.05366   0.05984   0.01459   0.00379   0.08854   0.00000   0.06218   0.00000   0.00000   0.00000   0.00000   0.00000   0.00000   0.00000   0.00000   0.00000   0.00000   0.00000   0.00000   0.00000   0.00000   0.00000   0.00000   0.00000   0.00000   0.00000   0.00000   0.00000   0.00000   0.00000   0.00000   0.00000   1.21046   1.17098   0.86014  
 49 459.7848     60.240434  x:  0.00000   0.00000   0.09090   0.00180   0.05269   0.05219   0.01541   0.02164   0.05153   0.00042   0.03276   0.00661   0.00487   0.00000   0.00000   0.04364   0.03929   0.00756   0.03191   0.08305   0.04871   0.00000   0.00000   0.00000   0.00000   0.12909   0.00000   0.00000   0.00000   0.00000   0.00000   0.00000   0.00000   0.00000   0.00000   0.06448   0.09475   0.09747   0.18134   0.00000   0.00000   0.00000   0.00000   0.00000   0.00000   0.01060   0.04686   0.02106   0.02698   0.04553   0.00844   0.05736   0.05277   0.04996   0.05565   0.01225   0.00187   0.08992   0.00000   0.06212   0.00000   0.00000   0.00000   0.00000   0.00000   0.00000   0.00000   0.00000   0.00000   0.00000   0.00000   0.00000   0.00000   0.00000   0.00000   0.00000   0.00000   0.00000   0.00000   0.00000   0.00000   0.00000   0.00000   0.00000   0.00000   1.23592   1.17098   0.86990  
 50 30.9182     60.167437  x:  0.00000   0.00000   0.09209   0.00143   0.05190   0.05142   0.01493   0.02110   0.05078   0.00000   0.03211   0.00620   0.00447   0.00000   0.00000   0.04296   0.03860   0.00714   0.03131   0.08306   0.04769   0.00000   0.00000   0.00000   0.00000   0.12888   0.00000   0.00000   0.00000   0.00000   0.00000   0.00000   0.00000   0.00000   0.00000   0.06497   0.09468   0.09776   0.18084   0.00000   0.00000   0.00000   0.00000   0.00000   0.00000   0.01008   0.04612   0.02054   0.02641   0.04482   0.00793   0.05653   0.05203   0.04923   0.05482   0.01178   0.00149   0.09018   0.00000   0.06211   0.00000   0.00000   0.00000   0.00000   0.00000   0.00000   0.00000   0.00000   0.00000   0.00000   0.00000   0.00000   0.00000   0.00000   0.00000   0.00000   0.00000   0.00000   0.00000   0.00000   0.00000   0.00000   0.00000   0.00000   0.00000   1.24068   1.17098   0.87177  
 51 756.6283     59.892761  x:  0.00000   0.00000   0.09683   0.00003   0.04882   0.04842   0.01306   0.01899   0.04788   0.00000   0.02958   0.00461   0.00288   0.00000   0.00000   0.04028   0.03592   0.00549   0.02896   0.08310   0.04354   0.00000   0.00000   0.00000   0.00000   0.12804   0.00000   0.00000   0.00000   0.00000   0.00000   0.00000   0.00000   0.00000   0.00000   0.06698   0.09440   0.09897   0.17880   0.00000   0.00000   0.00000   0.00000   0.00000   0.00000   0.00807   0.04322   0.01850   0.02417   0.04206   0.00596   0.05333   0.04915   0.04640   0.05160   0.00998   0.00000   0.09122   0.00000   0.06206   0.00000   0.00000   0.00000   0.00000   0.00000   0.00000   0.00000   0.00000   0.00000   0.00000   0.00000   0.00000   0.00000   0.00000   0.00000   0.00000   0.00000   0.00000   0.00000   0.00000   0.00000   0.00000   0.00000   0.00000   0.00000   1.26006   1.17098   0.87918  
 52 1342.8885     59.888913  x:  0.00000   0.00000   0.09690   0.00000   0.04877   0.04837   0.01304   0.01896   0.04784   0.00000   0.02954   0.00458   0.00285   0.00000   0.00000   0.04024   0.03588   0.00547   0.02892   0.08310   0.04348   0.00000   0.00000   0.00000   0.00000   0.12803   0.00000   0.00000   0.00000   0.00000   0.00000   0.00000   0.00000   0.00000   0.00000   0.06701   0.09439   0.09898   0.17878   0.00000   0.00000   0.00000   0.00000   0.00000   0.00000   0.00804   0.04318   0.01847   0.02413   0.04202   0.00593   0.05328   0.04911   0.04636   0.05155   0.00995   0.00000   0.09123   0.00000   0.06205   0.00000   0.00000   0.00000   0.00000   0.00000   0.00000   0.00000   0.00000   0.00000   0.00000   0.00000   0.00000   0.00000   0.00000   0.00000   0.00000   0.00000   0.00000   0.00000   0.00000   0.00000   0.00000   0.00000   0.00000   0.00000   1.26033   1.17098   0.87927  
 53 279.7668     59.465838  x:  0.00000   0.00000   0.10392   0.00000   0.04398   0.04371   0.00984   0.01544   0.04330   0.00000   0.02543   0.00172   0.00000   0.00000   0.00000   0.03595   0.03161   0.00256   0.02506   0.08316   0.03726   0.00000   0.00000   0.00000   0.00000   0.12678   0.00000   0.00000   0.00000   0.00000   0.00000   0.00000   0.00000   0.00000   0.00000   0.07032   0.09397   0.10109   0.17574   0.00000   0.00000   0.00000   0.00000   0.00000   0.00000   0.00465   0.03863   0.01505   0.02043   0.03763   0.00261   0.04835   0.04459   0.04190   0.04656   0.00682   0.00000   0.09283   0.00000   0.06199   0.00000   0.00000   0.00000   0.00000   0.00000   0.00000   0.00000   0.00000   0.00000   0.00000   0.00000   0.00000   0.00000   0.00000   0.00000   0.00000   0.00000   0.00000   0.00000   0.00000   0.00000   0.00000   0.00000   0.00000   0.00000   1.28951   1.17098   0.88986  
 54 1783.0282     59.221154  x:  0.00000   0.00000   0.10810   0.00000   0.04112   0.04091   0.00791   0.01333   0.04058   0.00000   0.02296   0.00000   0.00000   0.00000   0.00000   0.03338   0.02905   0.00081   0.02275   0.08320   0.03358   0.00000   0.00000   0.00000   0.00000   0.12603   0.00000   0.00000   0.00000   0.00000   0.00000   0.00000   0.00000   0.00000   0.00000   0.07229   0.09371   0.10235   0.17393   0.00000   0.00000   0.00000   0.00000   0.00000   0.00000   0.00262   0.03590   0.01299   0.01821   0.03501   0.00061   0.04540   0.04189   0.03923   0.04358   0.00494   0.00000   0.09378   0.00000   0.06195   0.00000   0.00000   0.00000   0.00000   0.00000   0.00000   0.00000   0.00000   0.00000   0.00000   0.00000   0.00000   0.00000   0.00000   0.00000   0.00000   0.00000   0.00000   0.00000   0.00000   0.00000   0.00000   0.00000   0.00000   0.00000   1.30684   1.17098   0.89617  
 55 26185.0596     59.149539  x:  0.00000   0.00000   0.10935   0.00000   0.04025   0.04007   0.00733   0.01269   0.03975   0.00000   0.02221   0.00000   0.00000   0.00000   0.00000   0.03259   0.02828   0.00028   0.02205   0.08321   0.03249   0.00000   0.00000   0.00000   0.00000   0.12581   0.00000   0.00000   0.00000   0.00000   0.00000   0.00000   0.00000   0.00000   0.00000   0.07288   0.09364   0.10274   0.17339   0.00000   0.00000   0.00000   0.00000   0.00000   0.00000   0.00200   0.03508   0.01236   0.01753   0.03421   0.00000   0.04451   0.04107   0.03842   0.04267   0.00436   0.00000   0.09406   0.00000   0.06194   0.00000   0.00000   0.00000   0.00000   0.00000   0.00000   0.00000   0.00000   0.00000   0.00000   0.00000   0.00000   0.00000   0.00000   0.00000   0.00000   0.00000   0.00000   0.00000   0.00000   0.00000   0.00000   0.00000   0.00000   0.00000   1.31202   1.17098   0.89805  
 56 5273.8863     59.115224  x:  0.00000   0.00000   0.10996   0.00000   0.03982   0.03965   0.00703   0.01236   0.03934   0.00000   0.02184   0.00000   0.00000   0.00000   0.00000   0.03221   0.02789   0.00000   0.02170   0.08322   0.03195   0.00000   0.00000   0.00000   0.00000   0.12570   0.00000   0.00000   0.00000   0.00000   0.00000   0.00000   0.00000   0.00000   0.00000   0.07317   0.09360   0.10293   0.17313   0.00000   0.00000   0.00000   0.00000   0.00000   0.00000   0.00169   0.03467   0.01205   0.01719   0.03381   0.00000   0.04407   0.04066   0.03802   0.04223   0.00407   0.00000   0.09420   0.00000   0.06193   0.00000   0.00000   0.00000   0.00000   0.00000   0.00000   0.00000   0.00000   0.00000   0.00000   0.00000   0.00000   0.00000   0.00000   0.00000   0.00000   0.00000   0.00000   0.00000   0.00000   0.00000   0.00000   0.00000   0.00000   0.00000   1.31454   1.17098   0.89895  
 57 1969.8327     58.939128  x:  0.00000   0.00000   0.11314   0.00000   0.03753   0.03742   0.00543   0.01062   0.03716   0.00000   0.01984   0.00000   0.00000   0.00000   0.00000   0.03013   0.02583   0.00000   0.01981   0.08324   0.02920   0.00000   0.00000   0.00000   0.00000   0.12515   0.00000   0.00000   0.00000   0.00000   0.00000   0.00000   0.00000   0.00000   0.00000   0.07472   0.09341   0.10395   0.17179   0.00000   0.00000   0.00000   0.00000   0.00000   0.00000   0.00000   0.03248   0.01035   0.01537   0.03169   0.00000   0.04173   0.03850   0.03587   0.03985   0.00249   0.00000   0.09492   0.00000   0.06191   0.00000   0.00000   0.00000   0.00000   0.00000   0.00000   0.00000   0.00000   0.00000   0.00000   0.00000   0.00000   0.00000   0.00000   0.00000   0.00000   0.00000   0.00000   0.00000   0.00000   0.00000   0.00000   0.00000   0.00000   0.00000   1.32756   1.17098   0.90365  
 58 1841.9692     58.676986  x:  0.00000   0.00000   0.11797   0.00000   0.03397   0.03394   0.00290   0.00788   0.03376   0.00000   0.01671   0.00000   0.00000   0.00000   0.00000   0.02688   0.02260   0.00000   0.01685   0.08328   0.02504   0.00000   0.00000   0.00000   0.00000   0.12430   0.00000   0.00000   0.00000   0.00000   0.00000   0.00000   0.00000   0.00000   0.00000   0.07709   0.09312   0.10554   0.16975   0.00000   0.00000   0.00000   0.00000   0.00000   0.00000   0.00000   0.02907   0.00767   0.01251   0.02839   0.00000   0.03809   0.03511   0.03253   0.03616   0.00000   0.00000   0.09602   0.00000   0.06187   0.00000   0.00000   0.00000   0.00000   0.00000   0.00000   0.00000   0.00000   0.00000   0.00000   0.00000   0.00000   0.00000   0.00000   0.00000   0.00000   0.00000   0.00000   0.00000   0.00000   0.00000   0.00000   0.00000   0.00000   0.00000   1.34728   1.17098   0.91076  
 59 1865.0926     58.394340  x:  0.00000   0.00000   0.12332   0.00000   0.02996   0.03001   0.00000   0.00476   0.02992   0.00000   0.01316   0.00000   0.00000   0.00000   0.00000   0.02320   0.01896   0.00000   0.01349   0.08333   0.02047   0.00000   0.00000   0.00000   0.00000   0.12338   0.00000   0.00000   0.00000   0.00000   0.00000   0.00000   0.00000   0.00000   0.00000   0.07973   0.09280   0.10733   0.16751   0.00000   0.00000   0.00000   0.00000   0.00000   0.00000   0.00000   0.02523   0.00461   0.00926   0.02466   0.00000   0.03399   0.03129   0.02875   0.03200   0.00000   0.00000   0.09723   0.00000   0.06182   0.00000   0.00000   0.00000   0.00000   0.00000   0.00000   0.00000   0.00000   0.00000   0.00000   0.00000   0.00000   0.00000   0.00000   0.00000   0.00000   0.00000   0.00000   0.00000   0.00000   0.00000   0.00000   0.00000   0.00000   0.00000   1.36899   1.17098   0.91857  
 60 2345.7361     57.992903  x:  0.00000   0.00000   0.13115   0.00000   0.02397   0.02416   0.00000   0.00005   0.02418   0.00000   0.00783   0.00000   0.00000   0.00000   0.00000   0.01768   0.01349   0.00000   0.00843   0.08340   0.01384   0.00000   0.00000   0.00000   0.00000   0.12203   0.00000   0.00000   0.00000   0.00000   0.00000   0.00000   0.00000   0.00000   0.00000   0.08365   0.09234   0.11002   0.16427   0.00000   0.00000   0.00000   0.00000   0.00000   0.00000   0.00000   0.01948   0.00000   0.00436   0.01907   0.00000   0.02787   0.02559   0.02310   0.02580   0.00000   0.00000   0.09900   0.00000   0.06176   0.00000   0.00000   0.00000   0.00000   0.00000   0.00000   0.00000   0.00000   0.00000   0.00000   0.00000   0.00000   0.00000   0.00000   0.00000   0.00000   0.00000   0.00000   0.00000   0.00000   0.00000   0.00000   0.00000   0.00000   0.00000   1.40065   1.17098   0.92991  
 61 2147.3146     57.989319  x:  0.00000   0.00000   0.13122   0.00000   0.02391   0.02410   0.00000   0.00000   0.02413   0.00000   0.00778   0.00000   0.00000   0.00000   0.00000   0.01763   0.01344   0.00000   0.00838   0.08340   0.01378   0.00000   0.00000   0.00000   0.00000   0.12202   0.00000   0.00000   0.00000   0.00000   0.00000   0.00000   0.00000   0.00000   0.00000   0.08369   0.09233   0.11005   0.16424   0.00000   0.00000   0.00000   0.00000   0.00000   0.00000   0.00000   0.01942   0.00000   0.00432   0.01901   0.00000   0.02781   0.02553   0.02305   0.02574   0.00000   0.00000   0.09901   0.00000   0.06176   0.00000   0.00000   0.00000   0.00000   0.00000   0.00000   0.00000   0.00000   0.00000   0.00000   0.00000   0.00000   0.00000   0.00000   0.00000   0.00000   0.00000   0.00000   0.00000   0.00000   0.00000   0.00000   0.00000   0.00000   0.00000   1.40094   1.17098   0.93001  
 62 1824.6478     57.681313  x:  0.00000   0.00000   0.13760   0.00000   0.01875   0.01905   0.00000   0.00000   0.01916   0.00000   0.00311   0.00000   0.00000   0.00000   0.00000   0.01283   0.00868   0.00000   0.00394   0.08345   0.00843   0.00000   0.00000   0.00000   0.00000   0.12094   0.00000   0.00000   0.00000   0.00000   0.00000   0.00000   0.00000   0.00000   0.00000   0.08700   0.09196   0.11239   0.16165   0.00000   0.00000   0.00000   0.00000   0.00000   0.00000   0.00000   0.01445   0.00000   0.00000   0.01415   0.00000   0.02256   0.02059   0.01815   0.02041   0.00000   0.00000   0.10046   0.00000   0.06172   0.00000   0.00000   0.00000   0.00000   0.00000   0.00000   0.00000   0.00000   0.00000   0.00000   0.00000   0.00000   0.00000   0.00000   0.00000   0.00000   0.00000   0.00000   0.00000   0.00000   0.00000   0.00000   0.00000   0.00000   0.00000   1.42659   1.17098   0.93905  
 63 1008.3341     57.490868  x:  0.00000   0.00000   0.14167   0.00000   0.01533   0.01570   0.00000   0.00000   0.01587   0.00000   0.00000   0.00000   0.00000   0.00000   0.00000   0.00963   0.00551   0.00000   0.00097   0.08348   0.00504   0.00000   0.00000   0.00000   0.00000   0.12026   0.00000   0.00000   0.00000   0.00000   0.00000   0.00000   0.00000   0.00000   0.00000   0.08916   0.09172   0.11394   0.16001   0.00000   0.00000   0.00000   0.00000   0.00000   0.00000   0.00000   0.01115   0.00000   0.00000   0.01092   0.00000   0.01909   0.01732   0.01490   0.01688   0.00000   0.00000   0.10138   0.00000   0.06169   0.00000   0.00000   0.00000   0.00000   0.00000   0.00000   0.00000   0.00000   0.00000   0.00000   0.00000   0.00000   0.00000   0.00000   0.00000   0.00000   0.00000   0.00000   0.00000   0.00000   0.00000   0.00000   0.00000   0.00000   0.00000   1.44284   1.17098   0.94475  
 64 891.1945     57.434685  x:  0.00000   0.00000   0.14292   0.00000   0.01424   0.01463   0.00000   0.00000   0.01482   0.00000   0.00000   0.00000   0.00000   0.00000   0.00000   0.00860   0.00449   0.00000   0.00000   0.08349   0.00401   0.00000   0.00000   0.00000   0.00000   0.12005   0.00000   0.00000   0.00000   0.00000   0.00000   0.00000   0.00000   0.00000   0.00000   0.08984   0.09164   0.11443   0.15951   0.00000   0.00000   0.00000   0.00000   0.00000   0.00000   0.00000   0.01009   0.00000   0.00000   0.00988   0.00000   0.01798   0.01626   0.01386   0.01575   0.00000   0.00000   0.10166   0.00000   0.06169   0.00000   0.00000   0.00000   0.00000   0.00000   0.00000   0.00000   0.00000   0.00000   0.00000   0.00000   0.00000   0.00000   0.00000   0.00000   0.00000   0.00000   0.00000   0.00000   0.00000   0.00000   0.00000   0.00000   0.00000   0.00000   1.44781   1.17098   0.94647  
 65 748.9130     57.223990  x:  0.00000   0.00000   0.14777   0.00000   0.00978   0.01025   0.00000   0.00000   0.01050   0.00000   0.00000   0.00000   0.00000   0.00000   0.00000   0.00437   0.00031   0.00000   0.00000   0.08353   0.00000   0.00000   0.00000   0.00000   0.00000   0.11925   0.00000   0.00000   0.00000   0.00000   0.00000   0.00000   0.00000   0.00000   0.00000   0.09256   0.09136   0.11645   0.15760   0.00000   0.00000   0.00000   0.00000   0.00000   0.00000   0.00000   0.00575   0.00000   0.00000   0.00563   0.00000   0.01347   0.01196   0.00959   0.01117   0.00000   0.00000   0.10276   0.00000   0.06166   0.00000   0.00000   0.00000   0.00000   0.00000   0.00000   0.00000   0.00000   0.00000   0.00000   0.00000   0.00000   0.00000   0.00000   0.00000   0.00000   0.00000   0.00000   0.00000   0.00000   0.00000   0.00000   0.00000   0.00000   0.00000   1.46688   1.17098   0.95306  
 66 573.2329     57.209691  x:  0.00000   0.00000   0.14810   0.00000   0.00945   0.00993   0.00000   0.00000   0.01018   0.00000   0.00000   0.00000   0.00000   0.00000   0.00000   0.00407   0.00000   0.00000   0.00000   0.08353   0.00000   0.00000   0.00000   0.00000   0.00000   0.11919   0.00000   0.00000   0.00000   0.00000   0.00000   0.00000   0.00000   0.00000   0.00000   0.09273   0.09134   0.11657   0.15746   0.00000   0.00000   0.00000   0.00000   0.00000   0.00000   0.00000   0.00544   0.00000   0.00000   0.00532   0.00000   0.01314   0.01165   0.00928   0.01083   0.00000   0.00000   0.10284   0.00000   0.06166   0.00000   0.00000   0.00000   0.00000   0.00000   0.00000   0.00000   0.00000   0.00000   0.00000   0.00000   0.00000   0.00000   0.00000   0.00000   0.00000   0.00000   0.00000   0.00000   0.00000   0.00000   0.00000   0.00000   0.00000   0.00000   1.46821   1.17098   0.95355  
 67 340.0770     57.039097  x:  0.00000   0.00000   0.15216   0.00000   0.00515   0.00570   0.00000   0.00000   0.00601   0.00000   0.00000   0.00000   0.00000   0.00000   0.00000   0.00000   0.00000   0.00000   0.00000   0.08357   0.00000   0.00000   0.00000   0.00000   0.00000   0.11851   0.00000   0.00000   0.00000   0.00000   0.00000   0.00000   0.00000   0.00000   0.00000   0.09502   0.09110   0.11829   0.15584   0.00000   0.00000   0.00000   0.00000   0.00000   0.00000   0.00000   0.00125   0.00000   0.00000   0.00121   0.00000   0.00877   0.00749   0.00515   0.00642   0.00000   0.00000   0.10375   0.00000   0.06164   0.00000   0.00000   0.00000   0.00000   0.00000   0.00000   0.00000   0.00000   0.00000   0.00000   0.00000   0.00000   0.00000   0.00000   0.00000   0.00000   0.00000   0.00000   0.00000   0.00000   0.00000   0.00000   0.00000   0.00000   0.00000   1.48428   1.17098   0.95945  
 68 268.8964     56.994525  x:  0.00000   0.00000   0.15328   0.00000   0.00389   0.00445   0.00000   0.00000   0.00478   0.00000   0.00000   0.00000   0.00000   0.00000   0.00000   0.00000   0.00000   0.00000   0.00000   0.08357   0.00000   0.00000   0.00000   0.00000   0.00000   0.11832   0.00000   0.00000   0.00000   0.00000   0.00000   0.00000   0.00000   0.00000   0.00000   0.09566   0.09103   0.11879   0.15540   0.00000   0.00000   0.00000   0.00000   0.00000   0.00000   0.00000   0.00002   0.00000   0.00000   0.00000   0.00000   0.00749   0.00627   0.00393   0.00513   0.00000   0.00000   0.10400   0.00000   0.06163   0.00000   0.00000   0.00000   0.00000   0.00000   0.00000   0.00000   0.00000   0.00000   0.00000   0.00000   0.00000   0.00000   0.00000   0.00000   0.00000   0.00000   0.00000   0.00000   0.00000   0.00000   0.00000   0.00000   0.00000   0.00000   1.48863   1.17098   0.96105  
 69 364.8082     56.994050  x:  0.00000   0.00000   0.15329   0.00000   0.00388   0.00444   0.00000   0.00000   0.00476   0.00000   0.00000   0.00000   0.00000   0.00000   0.00000   0.00000   0.00000   0.00000   0.00000   0.08357   0.00000   0.00000   0.00000   0.00000   0.00000   0.11832   0.00000   0.00000   0.00000   0.00000   0.00000   0.00000   0.00000   0.00000   0.00000   0.09567   0.09103   0.11880   0.15539   0.00000   0.00000   0.00000   0.00000   0.00000   0.00000   0.00000   0.00000   0.00000   0.00000   0.00000   0.00000   0.00748   0.00625   0.00392   0.00512   0.00000   0.00000   0.10400   0.00000   0.06163   0.00000   0.00000   0.00000   0.00000   0.00000   0.00000   0.00000   0.00000   0.00000   0.00000   0.00000   0.00000   0.00000   0.00000   0.00000   0.00000   0.00000   0.00000   0.00000   0.00000   0.00000   0.00000   0.00000   0.00000   0.00000   1.48867   1.17098   0.96107  
 70 290.6951     56.891285  x:  0.00000   0.00000   0.15621   0.00000   0.00000   0.00061   0.00000   0.00000   0.00097   0.00000   0.00000   0.00000   0.00000   0.00000   0.00000   0.00000   0.00000   0.00000   0.00000   0.08360   0.00000   0.00000   0.00000   0.00000   0.00000   0.11784   0.00000   0.00000   0.00000   0.00000   0.00000   0.00000   0.00000   0.00000   0.00000   0.09758   0.09086   0.12033   0.15424   0.00000   0.00000   0.00000   0.00000   0.00000   0.00000   0.00000   0.00000   0.00000   0.00000   0.00000   0.00000   0.00356   0.00247   0.00015   0.00117   0.00000   0.00000   0.10464   0.00000   0.06163   0.00000   0.00000   0.00000   0.00000   0.00000   0.00000   0.00000   0.00000   0.00000   0.00000   0.00000   0.00000   0.00000   0.00000   0.00000   0.00000   0.00000   0.00000   0.00000   0.00000   0.00000   0.00000   0.00000   0.00000   0.00000   1.49963   1.17098   0.96505  
 71 202.0993     56.887900  x:  0.00000   0.00000   0.15631   0.00000   0.00000   0.00045   0.00000   0.00000   0.00082   0.00000   0.00000   0.00000   0.00000   0.00000   0.00000   0.00000   0.00000   0.00000   0.00000   0.08360   0.00000   0.00000   0.00000   0.00000   0.00000   0.11782   0.00000   0.00000   0.00000   0.00000   0.00000   0.00000   0.00000   0.00000   0.00000   0.09765   0.09085   0.12039   0.15420   0.00000   0.00000   0.00000   0.00000   0.00000   0.00000   0.00000   0.00000   0.00000   0.00000   0.00000   0.00000   0.00341   0.00232   0.00000   0.00102   0.00000   0.00000   0.10466   0.00000   0.06163   0.00000   0.00000   0.00000   0.00000   0.00000   0.00000   0.00000   0.00000   0.00000   0.00000   0.00000   0.00000   0.00000   0.00000   0.00000   0.00000   0.00000   0.00000   0.00000   0.00000   0.00000   0.00000   0.00000   0.00000   0.00000   1.50002   1.17098   0.96518  
 72 180.4463     56.879985  x:  0.00000   0.00000   0.15659   0.00000   0.00000   0.00000   0.00000   0.00000   0.00038   0.00000   0.00000   0.00000   0.00000   0.00000   0.00000   0.00000   0.00000   0.00000   0.00000   0.08360   0.00000   0.00000   0.00000   0.00000   0.00000   0.11778   0.00000   0.00000   0.00000   0.00000   0.00000   0.00000   0.00000   0.00000   0.00000   0.09787   0.09084   0.12057   0.15410   0.00000   0.00000   0.00000   0.00000   0.00000   0.00000   0.00000   0.00000   0.00000   0.00000   0.00000   0.00000   0.00295   0.00187   0.00000   0.00056   0.00000   0.00000   0.10472   0.00000   0.06163   0.00000   0.00000   0.00000   0.00000   0.00000   0.00000   0.00000   0.00000   0.00000   0.00000   0.00000   0.00000   0.00000   0.00000   0.00000   0.00000   0.00000   0.00000   0.00000   0.00000   0.00000   0.00000   0.00000   0.00000   0.00000   1.50102   1.17098   0.96553  
 73 136.2963     56.875127  x:  0.00000   0.00000   0.15680   0.00000   0.00000   0.00000   0.00000   0.00000   0.00000   0.00000   0.00000   0.00000   0.00000   0.00000   0.00000   0.00000   0.00000   0.00000   0.00000   0.08360   0.00000   0.00000   0.00000   0.00000   0.00000   0.11775   0.00000   0.00000   0.00000   0.00000   0.00000   0.00000   0.00000   0.00000   0.00000   0.09804   0.09082   0.12072   0.15402   0.00000   0.00000   0.00000   0.00000   0.00000   0.00000   0.00000   0.00000   0.00000   0.00000   0.00000   0.00000   0.00257   0.00150   0.00000   0.00017   0.00000   0.00000   0.10477   0.00000   0.06164   0.00000   0.00000   0.00000   0.00000   0.00000   0.00000   0.00000   0.00000   0.00000   0.00000   0.00000   0.00000   0.00000   0.00000   0.00000   0.00000   0.00000   0.00000   0.00000   0.00000   0.00000   0.00000   0.00000   0.00000   0.00000   1.50173   1.17098   0.96577  
 74 93.2803     56.873752  x:  0.00000   0.00000   0.15688   0.00000   0.00000   0.00000   0.00000   0.00000   0.00000   0.00000   0.00000   0.00000   0.00000   0.00000   0.00000   0.00000   0.00000   0.00000   0.00000   0.08360   0.00000   0.00000   0.00000   0.00000   0.00000   0.11773   0.00000   0.00000   0.00000   0.00000   0.00000   0.00000   0.00000   0.00000   0.00000   0.09812   0.09082   0.12079   0.15399   0.00000   0.00000   0.00000   0.00000   0.00000   0.00000   0.00000   0.00000   0.00000   0.00000   0.00000   0.00000   0.00240   0.00133   0.00000   0.00000   0.00000   0.00000   0.10478   0.00000   0.06164   0.00000   0.00000   0.00000   0.00000   0.00000   0.00000   0.00000   0.00000   0.00000   0.00000   0.00000   0.00000   0.00000   0.00000   0.00000   0.00000   0.00000   0.00000   0.00000   0.00000   0.00000   0.00000   0.00000   0.00000   0.00000   1.50198   1.17098   0.96585  
 75 61.7438     56.869731  x:  0.00000   0.00000   0.15749   0.00000   0.00000   0.00000   0.00000   0.00000   0.00000   0.00000   0.00000   0.00000   0.00000   0.00000   0.00000   0.00000   0.00000   0.00000   0.00000   0.08359   0.00000   0.00000   0.00000   0.00000   0.00000   0.11765   0.00000   0.00000   0.00000   0.00000   0.00000   0.00000   0.00000   0.00000   0.00000   0.09877   0.09078   0.12140   0.15378   0.00000   0.00000   0.00000   0.00000   0.00000   0.00000   0.00000   0.00000   0.00000   0.00000   0.00000   0.00000   0.00105   0.00000   0.00000   0.00000   0.00000   0.00000   0.10488   0.00000   0.06165   0.00000   0.00000   0.00000   0.00000   0.00000   0.00000   0.00000   0.00000   0.00000   0.00000   0.00000   0.00000   0.00000   0.00000   0.00000   0.00000   0.00000   0.00000   0.00000   0.00000   0.00000   0.00000   0.00000   0.00000   0.00000   1.50348   1.17098   0.96633  
 76 29.5890     56.869731  x:  0.00000   0.00000   0.15749   0.00000   0.00000   0.00000   0.00000   0.00000   0.00000   0.00000   0.00000   0.00000   0.00000   0.00000   0.00000   0.00000   0.00000   0.00000   0.00000   0.08359   0.00000   0.00000   0.00000   0.00000   0.00000   0.11765   0.00000   0.00000   0.00000   0.00000   0.00000   0.00000   0.00000   0.00000   0.00000   0.09877   0.09078   0.12140   0.15378   0.00000   0.00000   0.00000   0.00000   0.00000   0.00000   0.00000   0.00000   0.00000   0.00000   0.00000   0.00000   0.00105   0.00000   0.00000   0.00000   0.00000   0.00000   0.10488   0.00000   0.06165   0.00000   0.00000   0.00000   0.00000   0.00000   0.00000   0.00000   0.00000   0.00000   0.00000   0.00000   0.00000   0.00000   0.00000   0.00000   0.00000   0.00000   0.00000   0.00000   0.00000   0.00000   0.00000   0.00000   0.00000   0.00000   1.50348   1.17098   0.96633  
 77  2.2678     56.788317  x:  0.00000   0.00000   0.15646   0.00000   0.00000   0.00000   0.00000   0.00000   0.00000   0.00000   0.00000   0.00000   0.00000   0.00000   0.00000   0.00000   0.00000   0.00000   0.00000   0.08498   0.00000   0.00000   0.00000   0.00000   0.00000   0.11841   0.00000   0.00000   0.00000   0.00000   0.00000   0.00000   0.00000   0.00000   0.00000   0.09796   0.09209   0.12058   0.15547   0.00000   0.00000   0.00000   0.00000   0.00000   0.00000   0.00000   0.00000   0.00000   0.00000   0.00000   0.00000   0.00000   0.00000   0.00000   0.00000   0.00000   0.00000   0.10578   0.00000   0.06390   0.00000   0.00000   0.00000   0.00000   0.00000   0.00000   0.00000   0.00000   0.00000   0.00000   0.00000   0.00000   0.00000   0.00000   0.00000   0.00000   0.00000   0.00000   0.00000   0.00000   0.00000   0.00000   0.00000   0.00000   0.00000   1.50341   1.17098   0.96653  
 78 20.3210     55.820106  x:  0.00000   0.00000   0.08809   0.00000   0.00000   0.00000   0.00000   0.00000   0.00000   0.00000   0.00000   0.00000   0.00000   0.00000   0.00000   0.00000   0.00000   0.00000   0.00000   0.11235   0.00000   0.00000   0.00000   0.00000   0.00000   0.15082   0.00000   0.00000   0.00000   0.00000   0.00000   0.00000   0.00000   0.00000   0.00000   0.04192   0.13151   0.06430   0.22081   0.00000   0.00000   0.00000   0.00000   0.00000   0.00000   0.00000   0.00000   0.00000   0.00000   0.00000   0.00000   0.00000   0.00000   0.00000   0.00000   0.00000   0.00000   0.13873   0.00000   0.02340   0.00000   0.00000   0.00000   0.00000   0.00000   0.00000   0.00000   0.00000   0.00000   0.00000   0.00000   0.00000   0.00000   0.00000   0.00000   0.00000   0.00000   0.00000   0.00000   0.00000   0.00000   0.00000   0.00000   0.00000   0.00000   1.49831   1.17098   0.97948  
 79 16.2766     55.106003  x:  0.00000   0.00000   0.03861   0.00000   0.00000   0.00000   0.00000   0.00000   0.00000   0.00000   0.00000   0.00000   0.00000   0.00000   0.00000   0.00000   0.00000   0.00000   0.00000   0.09824   0.00000   0.00000   0.00000   0.00000   0.00000   0.16110   0.00000   0.00000   0.00000   0.00000   0.00000   0.00000   0.00000   0.00000   0.00000   0.00000   0.13188   0.02235   0.23714   0.00000   0.00000   0.00000   0.00000   0.00000   0.00000   0.00000   0.00000   0.00000   0.00000   0.00000   0.00000   0.00000   0.00000   0.00000   0.00000   0.00000   0.00000   0.14460   0.00000   0.02459   0.00000   0.00000   0.00000   0.00000   0.00000   0.00000   0.00000   0.00000   0.00000   0.00000   0.00000   0.00000   0.00000   0.00000   0.00000   0.00000   0.00000   0.00000   0.00000   0.00000   0.00000   0.00000   0.00000   0.00000   0.00000   1.49469   1.17098   0.98856  
 80 22.3706     54.843613  x:  0.00000   0.00000   0.01277   0.00000   0.00000   0.00000   0.00000   0.00000   0.00000   0.00000   0.00000   0.00000   0.00000   0.00000   0.00000   0.00000   0.00000   0.00000   0.00000   0.09809   0.00000   0.00000   0.00000   0.00000   0.00000   0.16328   0.00000   0.00000   0.00000   0.00000   0.00000   0.00000   0.00000   0.00000   0.00000   0.00000   0.13135   0.00000   0.24068   0.00000   0.00000   0.00000   0.00000   0.00000   0.00000   0.00000   0.00000   0.00000   0.00000   0.00000   0.00000   0.00000   0.00000   0.00000   0.00000   0.00000   0.00000   0.14517   0.00000   0.02477   0.00000   0.00000   0.00000   0.00000   0.00000   0.00000   0.00000   0.00000   0.00000   0.00000   0.00000   0.00000   0.00000   0.00000   0.00000   0.00000   0.00000   0.00000   0.00000   0.00000   0.00000   0.00000   0.00000   0.00000   0.00000   1.49292   1.17098   0.99343  
 81 105.6667     54.763102  x:  0.00000   0.00000   0.00000   0.00000   0.00000   0.00000   0.00000   0.00000   0.00000   0.00000   0.00000   0.00000   0.00000   0.00000   0.00000   0.00000   0.00000   0.00000   0.00000   0.09794   0.00000   0.00000   0.00000   0.00000   0.00000   0.16424   0.00000   0.00000   0.00000   0.00000   0.00000   0.00000   0.00000   0.00000   0.00000   0.00000   0.13130   0.00000   0.24231   0.00000   0.00000   0.00000   0.00000   0.00000   0.00000   0.00000   0.00000   0.00000   0.00000   0.00000   0.00000   0.00000   0.00000   0.00000   0.00000   0.00000   0.00000   0.14551   0.00000   0.02486   0.00000   0.00000   0.00000   0.00000   0.00000   0.00000   0.00000   0.00000   0.00000   0.00000   0.00000   0.00000   0.00000   0.00000   0.00000   0.00000   0.00000   0.00000   0.00000   0.00000   0.00000   0.00000   0.00000   0.00000   0.00000   1.49207   1.17098   0.99584  
 82 12072.6685     53.145935  x:  0.00000   0.00000   0.00000   0.00000   0.00000   0.00000   0.00000   0.00000   0.00000   0.00000   0.00000   0.00000   0.00000   0.00000   0.00000   0.00000   0.00000   0.00000   0.00000   0.13574   0.00000   0.00000   0.00000   0.00000   0.00000   0.09607   0.00000   0.00000   0.00000   0.00000   0.00000   0.00000   0.00000   0.00000   0.00000   0.00000   0.33701   0.00000   0.33040   0.00000   0.00000   0.00000   0.00000   0.00000   0.00000   0.00000   0.00000   0.00000   0.00000   0.00000   0.00000   0.00000   0.00000   0.00000   0.00000   0.00000   0.00000   0.26363   0.00000   0.07994   0.00000   0.00000   0.00000   0.00000   0.00000   0.00000   0.00000   0.00000   0.00000   0.00000   0.00000   0.00000   0.00000   0.00000   0.00000   0.00000   0.00000   0.00000   0.00000   0.00000   0.00000   0.00000   0.00000   0.00000   0.00000   1.10178   1.17098   1.97865  
 83  1.1945     52.938831  x:  0.00000   0.00000   0.00000   0.00000   0.00000   0.00000   0.00000   0.00000   0.00000   0.00000   0.00000   0.00000   0.00000   0.00000   0.00000   0.00000   0.00000   0.00000   0.00000   0.14284   0.00000   0.00000   0.00000   0.00000   0.00000   0.18664   0.00000   0.00000   0.00000   0.00000   0.00000   0.00000   0.00000   0.00000   0.00000   0.00000   0.38563   0.00000   0.29497   0.00000   0.00000   0.00000   0.00000   0.00000   0.00000   0.00000   0.00000   0.00000   0.00000   0.00000   0.00000   0.00000   0.00000   0.00000   0.00000   0.00000   0.00000   0.23653   0.00000   0.08623   0.00000   0.00000   0.00000   0.00000   0.00000   0.00000   0.00000   0.00000   0.00000   0.00000   0.00000   0.00000   0.00000   0.00000   0.00000   0.00000   0.00000   0.00000   0.00000   0.00000   0.00000   0.00000   0.00000   0.00000   0.00000   1.05728   1.17098   2.09780  
 84  5.7463     52.866276  x:  0.00000   0.00000   0.00000   0.00000   0.00000   0.00000   0.00000   0.00000   0.00000   0.00000   0.00000   0.00000   0.00000   0.00000   0.00000   0.00000   0.00000   0.00000   0.00000   0.14593   0.00000   0.00000   0.00000   0.00000   0.00000   0.18409   0.00000   0.00000   0.00000   0.00000   0.00000   0.00000   0.00000   0.00000   0.00000   0.00000   0.39874   0.00000   0.32751   0.00000   0.00000   0.00000   0.00000   0.00000   0.00000   0.00000   0.00000   0.00000   0.00000   0.00000   0.00000   0.00000   0.00000   0.00000   0.00000   0.00000   0.00000   0.16900   0.00000   0.08764   0.00000   0.00000   0.00000   0.00000   0.00000   0.00000   0.00000   0.00000   0.00000   0.00000   0.00000   0.00000   0.00000   0.00000   0.00000   0.00000   0.00000   0.00000   0.00000   0.00000   0.00000   0.00000   0.00000   0.00000   0.00000   1.04073   1.17098   2.13949  
 85  1.2169     52.591023  x:  0.00000   0.00000   0.00000   0.00000   0.00000   0.00000   0.00000   0.00000   0.00000   0.00000   0.00000   0.00000   0.00000   0.00000   0.00000   0.00000   0.00000   0.00000   0.00000   0.22346   0.00000   0.00000   0.00000   0.00000   0.00000   0.19445   0.00000   0.00000   0.00000   0.00000   0.00000   0.00000   0.00000   0.00000   0.00000   0.00000   0.24567   0.00000   0.39500   0.00000   0.00000   0.00000   0.00000   0.00000   0.00000   0.00000   0.00000   0.00000   0.00000   0.00000   0.00000   0.00000   0.00000   0.00000   0.00000   0.00000   0.00000   0.19865   0.00000   0.09635   0.00000   0.00000   0.00000   0.00000   0.00000   0.00000   0.00000   0.00000   0.00000   0.00000   0.00000   0.00000   0.00000   0.00000   0.00000   0.00000   0.00000   0.00000   0.00000   0.00000   0.00000   0.00000   0.00000   0.00000   0.00000   0.93358   1.17098   2.39005  
 86  0.6419     52.501148  x:  0.00000   0.00000   0.00000   0.00000   0.00000   0.00000   0.00000   0.00000   0.00000   0.00000   0.00000   0.00000   0.00000   0.00000   0.00000   0.00000   0.00000   0.00000   0.00000   0.21993   0.00000   0.00000   0.00000   0.00000   0.00000   0.21831   0.00000   0.00000   0.00000   0.00000   0.00000   0.00000   0.00000   0.00000   0.00000   0.00000   0.28693   0.00000   0.45276   0.00000   0.00000   0.00000   0.00000   0.00000   0.00000   0.00000   0.00000   0.00000   0.00000   0.00000   0.00000   0.00000   0.00000   0.00000   0.00000   0.00000   0.00000   0.15932   0.00000   0.12406   0.00000   0.00000   0.00000   0.00000   0.00000   0.00000   0.00000   0.00000   0.00000   0.00000   0.00000   0.00000   0.00000   0.00000   0.00000   0.00000   0.00000   0.00000   0.00000   0.00000   0.00000   0.00000   0.00000   0.00000   0.00000   0.92353   1.17098   2.55150  
 87  0.0563     52.438401  x:  0.00000   0.00000   0.00000   0.00000   0.00000   0.00000   0.00000   0.00000   0.00000   0.00000   0.00000   0.00000   0.00000   0.00000   0.00000   0.00000   0.00000   0.00000   0.00000   0.21211   0.00000   0.00000   0.00000   0.00000   0.00000   0.22700   0.00000   0.00000   0.00000   0.00000   0.00000   0.00000   0.00000   0.00000   0.00000   0.00000   0.26114   0.00000   0.47337   0.00000   0.00000   0.00000   0.00000   0.00000   0.00000   0.00000   0.00000   0.00000   0.00000   0.00000   0.00000   0.00000   0.00000   0.00000   0.00000   0.00000   0.00000   0.21304   0.00000   0.14984   0.00000   0.00000   0.00000   0.00000   0.00000   0.00000   0.00000   0.00000   0.00000   0.00000   0.00000   0.00000   0.00000   0.00000   0.00000   0.00000   0.00000   0.00000   0.00000   0.00000   0.00000   0.00000   0.00000   0.00000   0.00000   0.97725   1.17098   2.60851  
 88  0.0505     52.386756  x:  0.00000   0.00000   0.00000   0.00000   0.00000   0.00000   0.00000   0.00000   0.00000   0.00000   0.00000   0.00000   0.00000   0.00000   0.00000   0.00000   0.00000   0.00000   0.00000   0.18732   0.00000   0.00000   0.00000   0.00000   0.00000   0.21021   0.00000   0.00000   0.00000   0.00000   0.00000   0.00000   0.00000   0.00000   0.00000   0.00000   0.25735   0.00000   0.44502   0.00000   0.00000   0.00000   0.00000   0.00000   0.00000   0.00000   0.00000   0.00000   0.00000   0.00000   0.00000   0.00000   0.00000   0.00000   0.00000   0.00000   0.00000   0.19463   0.00000   0.18044   0.00000   0.00000   0.00000   0.00000   0.00000   0.00000   0.00000   0.00000   0.00000   0.00000   0.00000   0.00000   0.00000   0.00000   0.00000   0.00000   0.00000   0.00000   0.00000   0.00000   0.00000   0.00000   0.00000   0.00000   0.00000   0.84994   1.17098   2.46095  
 89  0.0630     52.373574  x:  0.00000   0.00000   0.00000   0.00000   0.00000   0.00000   0.00000   0.00000   0.00000   0.00000   0.00000   0.00000   0.00000   0.00000   0.00000   0.00000   0.00000   0.00000   0.00000   0.18460   0.00000   0.00000   0.00000   0.00000   0.00000   0.20445   0.00000   0.00000   0.00000   0.00000   0.00000   0.00000   0.00000   0.00000   0.00000   0.00000   0.24594   0.00000   0.43427   0.00000   0.00000   0.00000   0.00000   0.00000   0.00000   0.00000   0.00000   0.00000   0.00000   0.00000   0.00000   0.00000   0.00000   0.00000   0.00000   0.00000   0.00000   0.18605   0.00000   0.19019   0.00000   0.00000   0.00000   0.00000   0.00000   0.00000   0.00000   0.00000   0.00000   0.00000   0.00000   0.00000   0.00000   0.00000   0.00000   0.00000   0.00000   0.00000   0.00000   0.00000   0.00000   0.00000   0.00000   0.00000   0.00000   0.95960   1.17098   2.39017  
 90  0.1537     52.371341  x:  0.00000   0.00000   0.00000   0.00000   0.00000   0.00000   0.00000   0.00000   0.00000   0.00000   0.00000   0.00000   0.00000   0.00000   0.00000   0.00000   0.00000   0.00000   0.00000   0.19161   0.00000   0.00000   0.00000   0.00000   0.00000   0.20698   0.00000   0.00000   0.00000   0.00000   0.00000   0.00000   0.00000   0.00000   0.00000   0.00000   0.24574   0.00000   0.42638   0.00000   0.00000   0.00000   0.00000   0.00000   0.00000   0.00000   0.00000   0.00000   0.00000   0.00000   0.00000   0.00000   0.00000   0.00000   0.00000   0.00000   0.00000   0.19198   0.00000   0.19655   0.00000   0.00000   0.00000   0.00000   0.00000   0.00000   0.00000   0.00000   0.00000   0.00000   0.00000   0.00000   0.00000   0.00000   0.00000   0.00000   0.00000   0.00000   0.00000   0.00000   0.00000   0.00000   0.00000   0.00000   0.00000   0.95339   1.17098   2.32453  
 91  0.0255     52.370851  x:  0.00000   0.00000   0.00000   0.00000   0.00000   0.00000   0.00000   0.00000   0.00000   0.00000   0.00000   0.00000   0.00000   0.00000   0.00000   0.00000   0.00000   0.00000   0.00000   0.19255   0.00000   0.00000   0.00000   0.00000   0.00000   0.20791   0.00000   0.00000   0.00000   0.00000   0.00000   0.00000   0.00000   0.00000   0.00000   0.00000   0.25151   0.00000   0.42878   0.00000   0.00000   0.00000   0.00000   0.00000   0.00000   0.00000   0.00000   0.00000   0.00000   0.00000   0.00000   0.00000   0.00000   0.00000   0.00000   0.00000   0.00000   0.18918   0.00000   0.19770   0.00000   0.00000   0.00000   0.00000   0.00000   0.00000   0.00000   0.00000   0.00000   0.00000   0.00000   0.00000   0.00000   0.00000   0.00000   0.00000   0.00000   0.00000   0.00000   0.00000   0.00000   0.00000   0.00000   0.00000   0.00000   0.95281   1.17098   2.29232  
 92  0.0176     52.370569  x:  0.00000   0.00000   0.00000   0.00000   0.00000   0.00000   0.00000   0.00000   0.00000   0.00000   0.00000   0.00000   0.00000   0.00000   0.00000   0.00000   0.00000   0.00000   0.00000   0.19376   0.00000   0.00000   0.00000   0.00000   0.00000   0.20769   0.00000   0.00000   0.00000   0.00000   0.00000   0.00000   0.00000   0.00000   0.00000   0.00000   0.24834   0.00000   0.43369   0.00000   0.00000   0.00000   0.00000   0.00000   0.00000   0.00000   0.00000   0.00000   0.00000   0.00000   0.00000   0.00000   0.00000   0.00000   0.00000   0.00000   0.00000   0.18897   0.00000   0.19743   0.00000   0.00000   0.00000   0.00000   0.00000   0.00000   0.00000   0.00000   0.00000   0.00000   0.00000   0.00000   0.00000   0.00000   0.00000   0.00000   0.00000   0.00000   0.00000   0.00000   0.00000   0.00000   0.00000   0.00000   0.00000   0.95396   1.17098   2.26182  
 93  0.0134     52.370476  x:  0.00000   0.00000   0.00000   0.00000   0.00000   0.00000   0.00000   0.00000   0.00000   0.00000   0.00000   0.00000   0.00000   0.00000   0.00000   0.00000   0.00000   0.00000   0.00000   0.19238   0.00000   0.00000   0.00000   0.00000   0.00000   0.20741   0.00000   0.00000   0.00000   0.00000   0.00000   0.00000   0.00000   0.00000   0.00000   0.00000   0.24905   0.00000   0.43347   0.00000   0.00000   0.00000   0.00000   0.00000   0.00000   0.00000   0.00000   0.00000   0.00000   0.00000   0.00000   0.00000   0.00000   0.00000   0.00000   0.00000   0.00000   0.19030   0.00000   0.19675   0.00000   0.00000   0.00000   0.00000   0.00000   0.00000   0.00000   0.00000   0.00000   0.00000   0.00000   0.00000   0.00000   0.00000   0.00000   0.00000   0.00000   0.00000   0.00000   0.00000   0.00000   0.00000   0.00000   0.00000   0.00000   0.95537   1.17098   2.24236  
 94  0.0131     52.370463  x:  0.00000   0.00000   0.00000   0.00000   0.00000   0.00000   0.00000   0.00000   0.00000   0.00000   0.00000   0.00000   0.00000   0.00000   0.00000   0.00000   0.00000   0.00000   0.00000   0.19228   0.00000   0.00000   0.00000   0.00000   0.00000   0.20794   0.00000   0.00000   0.00000   0.00000   0.00000   0.00000   0.00000   0.00000   0.00000   0.00000   0.24879   0.00000   0.43282   0.00000   0.00000   0.00000   0.00000   0.00000   0.00000   0.00000   0.00000   0.00000   0.00000   0.00000   0.00000   0.00000   0.00000   0.00000   0.00000   0.00000   0.00000   0.18991   0.00000   0.19612   0.00000   0.00000   0.00000   0.00000   0.00000   0.00000   0.00000   0.00000   0.00000   0.00000   0.00000   0.00000   0.00000   0.00000   0.00000   0.00000   0.00000   0.00000   0.00000   0.00000   0.00000   0.00000   0.00000   0.00000   0.00000   0.95502   1.17098   2.24081  
 95  0.0009     52.370462  x:  0.00000   0.00000   0.00000   0.00000   0.00000   0.00000   0.00000   0.00000   0.00000   0.00000   0.00000   0.00000   0.00000   0.00000   0.00000   0.00000   0.00000   0.00000   0.00000   0.19232   0.00000   0.00000   0.00000   0.00000   0.00000   0.20822   0.00000   0.00000   0.00000   0.00000   0.00000   0.00000   0.00000   0.00000   0.00000   0.00000   0.24877   0.00000   0.43290   0.00000   0.00000   0.00000   0.00000   0.00000   0.00000   0.00000   0.00000   0.00000   0.00000   0.00000   0.00000   0.00000   0.00000   0.00000   0.00000   0.00000   0.00000   0.18999   0.00000   0.19625   0.00000   0.00000   0.00000   0.00000   0.00000   0.00000   0.00000   0.00000   0.00000   0.00000   0.00000   0.00000   0.00000   0.00000   0.00000   0.00000   0.00000   0.00000   0.00000   0.00000   0.00000   0.00000   0.00000   0.00000   0.00000   0.95511   1.17098   2.24025  
 96  0.0004     52.370462  x:  0.00000   0.00000   0.00000   0.00000   0.00000   0.00000   0.00000   0.00000   0.00000   0.00000   0.00000   0.00000   0.00000   0.00000   0.00000   0.00000   0.00000   0.00000   0.00000   0.19226   0.00000   0.00000   0.00000   0.00000   0.00000   0.20823   0.00000   0.00000   0.00000   0.00000   0.00000   0.00000   0.00000   0.00000   0.00000   0.00000   0.24875   0.00000   0.43290   0.00000   0.00000   0.00000   0.00000   0.00000   0.00000   0.00000   0.00000   0.00000   0.00000   0.00000   0.00000   0.00000   0.00000   0.00000   0.00000   0.00000   0.00000   0.18997   0.00000   0.19628   0.00000   0.00000   0.00000   0.00000   0.00000   0.00000   0.00000   0.00000   0.00000   0.00000   0.00000   0.00000   0.00000   0.00000   0.00000   0.00000   0.00000   0.00000   0.00000   0.00000   0.00000   0.00000   0.00000   0.00000   0.00000   0.95511   1.17098   2.24040  
 97  0.0001     52.370462  x:  0.00000   0.00000   0.00000   0.00000   0.00000   0.00000   0.00000   0.00000   0.00000   0.00000   0.00000   0.00000   0.00000   0.00000   0.00000   0.00000   0.00000   0.00000   0.00000   0.19226   0.00000   0.00000   0.00000   0.00000   0.00000   0.20823   0.00000   0.00000   0.00000   0.00000   0.00000   0.00000   0.00000   0.00000   0.00000   0.00000   0.24875   0.00000   0.43290   0.00000   0.00000   0.00000   0.00000   0.00000   0.00000   0.00000   0.00000   0.00000   0.00000   0.00000   0.00000   0.00000   0.00000   0.00000   0.00000   0.00000   0.00000   0.18997   0.00000   0.19628   0.00000   0.00000   0.00000   0.00000   0.00000   0.00000   0.00000   0.00000   0.00000   0.00000   0.00000   0.00000   0.00000   0.00000   0.00000   0.00000   0.00000   0.00000   0.00000   0.00000   0.00000   0.00000   0.00000   0.00000   0.00000   0.95510   1.17098   2.24040  
 98  0.0000     52.370462  x:  0.00000   0.00000   0.00000   0.00000   0.00000   0.00000   0.00000   0.00000   0.00000   0.00000   0.00000   0.00000   0.00000   0.00000   0.00000   0.00000   0.00000   0.00000   0.00000   0.19226   0.00000   0.00000   0.00000   0.00000   0.00000   0.20823   0.00000   0.00000   0.00000   0.00000   0.00000   0.00000   0.00000   0.00000   0.00000   0.00000   0.24875   0.00000   0.43290   0.00000   0.00000   0.00000   0.00000   0.00000   0.00000   0.00000   0.00000   0.00000   0.00000   0.00000   0.00000   0.00000   0.00000   0.00000   0.00000   0.00000   0.00000   0.18997   0.00000   0.19628   0.00000   0.00000   0.00000   0.00000   0.00000   0.00000   0.00000   0.00000   0.00000   0.00000   0.00000   0.00000   0.00000   0.00000   0.00000   0.00000   0.00000   0.00000   0.00000   0.00000   0.00000   0.00000   0.00000   0.00000   0.00000   0.95510   1.17098   2.24040  
 99  0.0000     52.370462  x:  0.00000   0.00000   0.00000   0.00000   0.00000   0.00000   0.00000   0.00000   0.00000   0.00000   0.00000   0.00000   0.00000   0.00000   0.00000   0.00000   0.00000   0.00000   0.00000   0.19226   0.00000   0.00000   0.00000   0.00000   0.00000   0.20823   0.00000   0.00000   0.00000   0.00000   0.00000   0.00000   0.00000   0.00000   0.00000   0.00000   0.24875   0.00000   0.43290   0.00000   0.00000   0.00000   0.00000   0.00000   0.00000   0.00000   0.00000   0.00000   0.00000   0.00000   0.00000   0.00000   0.00000   0.00000   0.00000   0.00000   0.00000   0.18997   0.00000   0.19628   0.00000   0.00000   0.00000   0.00000   0.00000   0.00000   0.00000   0.00000   0.00000   0.00000   0.00000   0.00000   0.00000   0.00000   0.00000   0.00000   0.00000   0.00000   0.00000   0.00000   0.00000   0.00000   0.00000   0.00000   0.00000   0.95510   1.17098   2.24040  