0.44878
0.12218
0.16130
0.00010
0.00010
0.04965
0.19581
0.31730
0.26507
0.03344
0.20199
0.00010
0.08840
0.12922
0.03397
1.05600
0.00214
0.07975
0.01554
0.05800
0.31094
0.02816
0.00010
0.05989
0.00228
0.07036
0.61388
0.02090
0.44357
0.02310
0.15924
0.00077
0.05768
0.02594
0.15445
0.00010
0.09184
0.12342
0.06098
0.04493
0.19479
0.09248
0.25422
0.00463
0.00192
0.19373
0.00442
0.05707
0.00264
0.14343
0.12954
0.00650
0.00010
0.51260
0.91380
0.11087
0.14587
0.16836
0.64810
0.00181
0.00384
0.03827
0.00084
0.15441
0.21742
0.12027
0.20004
0.30035
0.10240
0.00010
0.19118
0.00010
0.76131
0.31964
0.17881
0.12041
0.08200
0.03611
0.11056
0.00109
0.07732
0.68629
0.00146
0.41920
0.00079
0.31489
0.33233
0.79270
0.02009
0.25626
0.07952
0.00130
0.30549
0.12267
0.22090
0.53838
0.06264
0.07004
2.39044
0.01126
0.00453
0.07871
0.75633
0.01340
0.24186
0.08784
0.15962
0.25476
0.20213
0.16152
0.00010
0.16947
0.31170
0.00010
0.00010
0.00010
0.01371
0.28123
0.00327
0.01311
0.07722
0.13324
0.00010
0.01425
0.40676
0.27383
0.05060
0.00702
0.00010
0.20529
0.42877
0.02301
0.18731
1.02584
0.16319
0.02708
0.26404
0.04201
0.50592
0.04873
1.80675
0.17975
0.00010
0.11889
0.01837
0.00458
0.07164
0.11234
0.01748
0.05752
0.23713
0.00086
0.15739
0.20082
0.00384
0.16414
0.00134
0.42918
0.13546
0.12073
0.00357
0.20471
0.24182
2.27684
0.00096
0.14184
0.23744
0.13231
0.00389
0.30709
0.02083
0.00010
0.15155
0.67303
0.05855
0.07957
0.00010
0.00084
0.20721
0.00067
0.00118
1.49843
0.00335
0.32928
0.09578
0.27380
0.00010
0.00010
0.00157
0.00201
0.07148
2.90204
0.00010
0.14921
0.30231
0.04417
0.39491
0.03129
0.10891
0.00147
0.02175
0.00117
0.34498
0.15196
0.02691
0.24176
0.05187
0.01437
0.24592
1.74830
0.94395
0.09711
0.00010
0.00290
0.37223
0.13420
0.00233
0.16009
0.00010
1.12183
0.00597
0.00010
0.00064
0.10153
0.06150
0.02917
0.08004
0.10965
0.21386
0.06453
0.15078
0.00259
0.13445
0.03905
0.00010
0.09384
0.14926
0.00813
0.96942
0.03222
0.19001
0.08377
0.46126
0.08184
0.34908
0.13351
0.00010
0.23866
0.00010
0.00347
0.00010
0.00010
0.00104
0.19606
0.03031
0.03509
0.00132
0.20390
0.13492
0.18594
0.10925
0.22908
0.06586
0.15130
0.16050
0.00010
0.16340
0.00010
0.00495
0.17162
0.13916
0.03035
0.00178
0.00010
0.01027
0.00200
0.18895
0.00135
0.32827
0.77690
0.08529
0.04620
0.04715
0.03777
0.28480
0.00010
0.00572
0.03911
0.13004
0.00010
0.25707
0.06443
0.04904
0.03374
0.31673
0.00010
0.06349
0.33263
0.00010
0.19824
0.57775
0.00576
0.08331
0.44597
1.00492
0.24749
0.00118
1.96719
0.12516
0.03664
0.79483
0.17828
0.07014
0.46694
0.55576
0.09705
0.09067
0.01891
0.03650
0.08487
0.07749
0.00842
0.10260
0.00298
0.03884
0.02527
0.00046
0.51444
0.06173
0.56540
0.07141
0.01031
0.17911
0.33312
0.04061
0.23678
0.17251
0.22576
1.02418
0.00979
0.00010
0.05187
0.22732
0.06649
0.00010
0.13136
0.55940
0.52590
0.00114
0.14436
0.21457
0.00096
0.11973
0.02415
0.07573
0.24819
0.01382
0.00646
0.00348
0.00083
0.78464
999.00000
0.01718
0.02341
0.08838
0.00121
0.03782
0.04222
0.67246
0.16522
0.05277
0.00010
0.10149
0.00069
0.29051
0.00010
0.52240
0.00010
0.00123
0.00073
0.15567
0.00073
0.25067
0.00010
0.02957
0.53684
0.00187
0.04509
0.00338
0.05462
0.05821
0.03842
0.00292
0.06356
0.00489
0.38112
0.00058
0.00697
0.59355
0.00010
0.00010
0.15244
0.18028
0.08961
0.00099
0.77907
0.34546
0.00010
0.00010
0.00227
0.11641
0.16256
0.35809
1.14017
0.08282
0.00010
0.00010
0.18941
0.67185
0.00081
0.11275
0.00112
0.20678
0.00870
0.01108
0.00947
0.43128
0.03882
0.09450
0.25686
0.00270
0.03380
0.07996
0.08665
0.00733
0.00010
0.00010
0.12333
0.10064
0.00264
0.00379
0.02679
0.17380
0.36170
0.00010
0.00010
0.00278
0.02906
0.07097
0.14096
0.02732
0.03188
0.07038
0.34877
0.00102
0.10999
0.15578
0.00272
0.13184
0.02378
0.00010
0.31627
0.00010
0.38224
0.07779
0.00232
0.00010
0.05576
0.03067
0.16773
0.00010
0.00010
0.05140
0.00266
0.35985
0.21780
0.32996
0.05413
0.00421
0.00858
0.00010
0.51754
0.15342
0.00140
0.47194
0.13311
0.10353
0.00212
0.64217
0.25917
0.00091
0.31285
1.07010
0.10483
0.00191
0.00532
0.00298
0.00010
0.25733
0.02114
