0.18545
0.11682
0.25365
0.09695
0.04868
0.08547
0.00010
0.06017
0.17630
0.44873
0.06231
0.00010
0.08954
0.11617
0.06398
0.13516
0.00203
1.60303
0.00010
0.07336
0.00010
0.00010
0.00088
0.00427
0.03963
0.05469
0.00198
0.15531
1.21776
0.00010
0.00111
0.00010
0.05230
0.05759
0.47889
0.00750
0.07241
0.06990
1.45463
0.06767
0.12093
0.00010
1.16743
0.06066
0.00602
0.22592
0.00010
0.20456
0.00177
0.00238
0.30824
0.00948
0.12027
0.20533
0.13105
0.06300
0.00010
0.25029
0.92469
0.12436
0.21603
0.07854
0.00092
0.21470
0.00304
0.00497
0.22722
0.00010
0.05105
0.00492
0.11970
0.00010
0.06251
0.14972
0.11469
1.05077
0.00010
0.18139
0.00633
0.00010
0.10323
0.00125
0.00464
0.09584
1.05561
0.00010
0.25933
0.15186
0.47304
0.90285
0.00010
0.06360
0.00412
0.04609
0.20620
0.00099
0.18621
0.20709
0.52211
0.00010
0.08890
0.00010
0.19613
0.20404
0.30017
0.00010
0.00010
0.00010
0.21079
0.24884
0.00010
0.05871
0.17131
0.00990
0.15288
0.00175
0.12630
0.13972
0.09780
0.00201
0.19027
0.16536
0.23859
0.08239
0.00273
0.40127
0.03118
0.00010
0.04211
0.06003
0.06031
0.09358
0.24348
0.20033
0.10639
0.04831
0.00010
0.10999
0.01241
0.07149
0.00447
0.08469
0.64109
0.04532
0.05425
0.60604
0.38192
0.00010
0.00268
0.06991
0.46953
0.00648
0.03605
0.03431
0.46075
0.03564
0.06074
0.28124
0.00834
0.00788
0.01452
0.06309
0.06095
0.06123
0.00508
0.02022
0.00010
0.02761
0.01599
0.16162
0.00010
0.03244
0.00509
0.39576
0.00010
0.29430
0.02443
0.00566
0.00010
0.00010
0.01017
0.19690
0.13536
0.19026
0.00821
0.00132
0.12568
0.04929
0.25384
0.14037
0.32349
0.54215
0.14050
0.63377
0.00562
0.57996
0.00323
0.04480
0.02676
1.22381
0.04816
0.22618
0.00010
0.00322
0.08156
0.00148
0.13300
0.00457
0.03331
0.21905
0.01558
0.08136
0.00010
0.10483
0.05889
0.26166
0.76068
0.00274
0.16419
1.05228
0.00010
0.01205
0.13666
0.06363
0.08532
0.37721
0.10845
0.20518
0.03466
0.00593
0.00010
0.00010
0.00365
0.06175
0.05569
0.10391
0.09705
0.09199
0.07690
0.69638
0.11711
0.05421
0.07091
0.10192
0.00375
0.00010
0.00010
2.85626
0.00010
0.22839
0.21484
0.58843
0.06590
0.00010
0.01289
0.00177
0.00010
0.00010
0.26461
0.00089
0.00010
3.54610
0.03381
1.01455
0.00010
0.00852
0.00491
0.12347
0.04297
0.20042
0.01034
0.00010
1.23131
0.02913
0.00145
0.11483
0.13557
0.00010
0.41106
0.00595
0.28176
0.17060
0.00340
0.13552
0.04557
0.46054
0.19340
0.05480
0.18859
0.08811
0.00010
0.31899
0.25787
0.00010
0.16042
0.12853
0.00188
0.00062
0.31862
0.00099
0.00084
0.09517
0.05198
0.00105
0.06725
999.00000
0.03986
0.00010
0.17144
0.21681
0.07216
0.60515
0.11444
0.10919
0.13666
0.12130
0.06986
0.30656
0.07580
0.06722
2.45699
0.76825
0.00796
0.18723
0.21497
0.15989
0.60510
0.15914
0.00097
0.00010
0.23361
0.04178
0.00111
0.00363
0.36487
0.17111
0.36705
0.12315
1.83125
0.00235
0.00010
0.20496
0.05849
0.00147
0.01420
0.00540
0.11092
0.06896
1.82042
0.01045
0.00421
0.13272
0.15630
0.33804
0.02730
0.06094
0.07875
0.08124
0.00300
0.18456
0.01256
1.68054
0.55201
0.00010
0.21540
0.19656
0.00010
0.01816
0.00010
0.00010
0.05438
0.00010
0.05913
0.11798
0.05039
0.07950
0.00091
0.56981
0.10488
0.20634
0.10726
0.07803
0.04504
0.05723
0.00010
0.44762
0.08578
0.37443
0.00301
0.00411
0.06980
0.07028
0.00010
0.00061
0.00010
0.00010
0.24440
0.01616
0.03731
0.06189
0.04655
0.09552
0.06153
0.00247
0.07556
0.17914
0.12781
0.00644
0.01783
0.37003
0.09590
0.07531
0.04235
0.36418
0.00125
0.00010
0.32583
0.06137
0.11120
0.00010
0.02227
0.04576
0.04595
0.03041
0.16793
0.18400
0.21608
1.34756
0.00010
0.01541
0.20017
0.20999
0.02947
0.00674
0.00057
0.15756
0.51525
0.20470
0.00121
0.07613
0.37882
0.03054
1.30267
1.36530
0.00010
0.09675
0.26190
0.00109
0.10252
0.08125
0.08594
0.00371
0.00010
0.03163
0.06571
0.46273
0.00010
0.07313
0.00410
0.03473
0.00090
0.04461
0.30048
0.00455
0.00450
0.62519
0.00373
0.00131
0.00010
0.03826
0.77505
0.03039
0.10789
0.06762
0.00010
0.12335
0.19889
0.08107
0.11804
0.16762
0.00616
0.68554
0.28152
0.02545
0.06826
0.00270
0.07880
0.04440
0.00138
0.01167
0.05076
0.10353
0.00183
0.36592
0.09373
0.18401
0.00010
0.03321
0.02849
0.00010
