0.00130
0.13356
0.00010
1.38885
0.86080
0.07118
0.00010
0.00010
0.51370
0.00080
0.29129
0.00171
0.01342
0.03759
0.00879
0.34820
0.06419
0.30605
0.00776
0.18720
0.01025
0.04451
0.25725
0.26341
0.00010
0.12969
0.23473
0.00084
0.02006
0.18710
0.54526
0.05243
0.01427
0.13558
0.05011
0.02208
0.01206
0.00979
0.05585
0.16162
0.20761
0.37851
0.42802
0.33055
0.00010
0.00181
0.08191
0.17459
0.24961
0.28193
0.15784
0.31548
999.00000
0.86352
0.00010
0.04361
0.00103
1.22773
0.04555
0.00161
0.01406
0.00010
0.00401
0.13897
0.23867
0.02436
0.26635
0.07857
0.20977
0.07496
0.05575
0.15996
0.01645
0.54405
0.08415
0.27818
0.46813
0.17946
0.10342
0.00681
0.13182
999.00000
0.22781
0.68803
0.00628
1.05714
0.06600
0.30673
0.13034
1.29129
0.02700
0.21859
0.54796
0.13226
0.00010
0.07437
0.27582
0.18118
0.03690
0.17224
