0.00010
0.22750
0.10822
0.04168
0.06615
0.03357
0.00010
1.56915
0.03967
0.15014
0.38302
0.09045
0.08077
0.05861
0.34197
0.12837
0.00010
0.08324
0.08848
0.02840
0.01301
0.06094
0.63640
0.14993
0.00010
0.00063
0.22192
0.22474
0.00196
0.28027
0.00010
0.31697
0.00010
0.14112
0.80218
1.20870
0.00121
0.35688
0.05677
0.00273
0.41651
0.13059
0.24516
0.15509
0.14254
0.00113
0.08073
0.12902
0.02962
0.00563
1.23171
0.27486
0.06576
0.08498
0.10885
0.15638
0.03567
0.00372
0.21277
0.00010
0.00288
0.05373
0.05038
0.02307
0.27219
0.05939
0.12623
0.18703
0.48816
0.19563
0.84718
0.12156
0.01815
0.00010
0.35513
0.23478
0.00010
0.19621
0.00207
0.05148
0.48356
0.21475
0.00699
0.00898
0.16226
0.04635
0.24639
0.13204
0.01654
0.00646
0.81200
0.00353
0.22137
0.00010
0.08996
0.03287
0.21093
0.30567
0.02544
2.16728
