0.74930
0.89109
0.00010
0.00010
999.00000
0.04231
0.44031
0.00010
0.00010
1.24472
0.96629
0.22344
0.00010
0.00010
0.00010
0.40854
0.32478
0.21627
0.26809
0.34817
0.00010
0.78672
0.31602
0.00010
0.00010
0.77906
0.87749
0.00010
1.48712
0.58809
0.09008
999.00000
0.21487
0.37117
0.00010
0.14481
0.00010
0.28288
0.10125
0.00010
0.00010
0.14584
0.00010
0.08893
0.00010
0.00010
0.00010
2.09300
0.54791
0.00010
0.00010
999.00000
0.69838
0.18736
0.32556
0.00010
0.49710
0.00010
0.00010
0.20185
0.13987
999.00000
999.00000
0.09723
0.00010
0.00010
0.00010
0.11835
0.21168
0.00010
0.21008
0.63695
0.00010
0.00010
0.77723
0.11092
0.14374
0.00010
0.00010
0.00010
0.00010
0.21664
0.00010
0.89693
0.00010
999.00000
0.00010
0.00010
0.00010
0.69875
999.00000
0.11226
0.00010
0.29650
0.81091
0.00010
0.38738
0.22614
999.00000
0.41766
