

TREE # 1

  0  0.0000    181.682395  x:  0.00488   0.01944   0.06608   0.02205   0.07900   0.07797   0.03836   0.04537   0.07737   0.02251   0.05820   0.02908   0.02731   0.01860   0.02229   0.06967   0.06432   0.02989   0.05657   0.08603   0.08220   0.04182   0.01465   0.02255   0.00000   0.13641   0.04746   0.04008   0.08651   0.01550   0.02361   0.01921   0.07039   0.01363   0.05086   0.03384   0.09089   0.07090   0.17159   0.08517   0.00798   0.01410   0.03367   0.02158   0.05088   0.03379   0.07260   0.04456   0.05113   0.07132   0.03137   0.08354   0.07854   0.07558   0.08257   0.03519   0.02376   0.08365   0.01192   0.06256   0.00467   0.05222   0.04459   0.07410   0.07546   0.04236   0.01638   0.03120   0.03338   0.07666   0.08204   0.08066   0.05784   0.04393   0.07226   0.03464   0.04724   0.07033   0.01318   0.07863   0.01149   0.00578   0.04811   0.04091   0.07787   1.16449   1.17098   0.97867  
  1 99.0000    181.680337  x:  0.00488   0.01944   0.06608   0.02205   0.07900   0.07797   0.03836   0.04537   0.07737   0.02251   0.05820   0.02908   0.02731   0.01860   0.02229   0.06967   0.06432   0.02989   0.05657   0.08603   0.08220   0.04182   0.01465   0.02255   0.00000   0.13641   0.04746   0.04008   0.08651   0.01550   0.02361   0.01921   0.07039   0.01363   0.05086   0.03384   0.09089   0.07090   0.17159   0.08517   0.00798   0.01410   0.03367   0.02157   0.05088   0.03379   0.07260   0.04456   0.05113   0.07132   0.03137   0.08354   0.07854   0.07558   0.08257   0.03519   0.02376   0.08365   0.01191   0.06256   0.00467   0.05222   0.04459   0.07410   0.07546   0.04235   0.01638   0.03120   0.03338   0.07666   0.08203   0.08066   0.05784   0.04393   0.07225   0.03463   0.04724   0.07033   0.01317   0.07863   0.01149   0.00578   0.04811   0.04091   0.07787   1.16449   1.17098   0.97867  
  2 116.0847    178.548473  x:  0.00360   0.01819   0.06482   0.02077   0.07773   0.07670   0.03708   0.04409   0.07610   0.02123   0.05692   0.02780   0.02603   0.01732   0.02101   0.06840   0.06304   0.02861   0.05529   0.08733   0.08097   0.04058   0.01340   0.02133   0.00000   0.13695   0.04634   0.03895   0.08539   0.01436   0.02248   0.01808   0.06927   0.01250   0.04973   0.03275   0.09225   0.06980   0.17308   0.08384   0.00662   0.01274   0.03235   0.02030   0.04961   0.03251   0.07133   0.04328   0.04985   0.07005   0.03009   0.08227   0.07727   0.07431   0.08130   0.03391   0.02247   0.08499   0.01058   0.06439   0.00331   0.05088   0.04330   0.06844   0.07344   0.03674   0.01072   0.02555   0.02773   0.07105   0.07644   0.07506   0.05222   0.03830   0.06665   0.02899   0.04161   0.06467   0.00741   0.07293   0.00582   0.00000   0.04847   0.03511   0.07216   1.16441   1.17098   0.97865  
  3 5621.5021    175.405156  x:  0.00226   0.01689   0.06349   0.01942   0.07639   0.07536   0.03573   0.04274   0.07476   0.01988   0.05558   0.02645   0.02468   0.01597   0.01966   0.06706   0.06170   0.02726   0.05395   0.08914   0.07969   0.03927   0.01209   0.02006   0.00000   0.13760   0.04515   0.03777   0.08421   0.01317   0.02129   0.01689   0.06809   0.01131   0.04855   0.03162   0.09410   0.06865   0.17492   0.08245   0.00518   0.01130   0.03097   0.01897   0.04827   0.03116   0.06999   0.04193   0.04851   0.06871   0.02874   0.08094   0.07593   0.07297   0.07996   0.03256   0.02112   0.08689   0.00920   0.06750   0.00189   0.04947   0.04196   0.06264   0.07020   0.03089   0.00481   0.01965   0.02184   0.06520   0.07062   0.06921   0.04635   0.03241   0.06079   0.02310   0.03573   0.05888   0.00139   0.06697   0.00000   0.00000   0.04837   0.02923   0.06621   1.16423   1.17098   0.97854  
  4 23434.3790    174.763460  x:  0.00191   0.01659   0.06318   0.01906   0.07603   0.07500   0.03537   0.04238   0.07440   0.01951   0.05522   0.02609   0.02431   0.01560   0.01930   0.06670   0.06134   0.02690   0.05359   0.09014   0.07937   0.03892   0.01174   0.01976   0.00000   0.13798   0.04484   0.03745   0.08389   0.01285   0.02097   0.01657   0.06778   0.01099   0.04823   0.03137   0.09520   0.06839   0.17606   0.08211   0.00480   0.01092   0.03065   0.01862   0.04793   0.03080   0.06964   0.04157   0.04815   0.06835   0.02838   0.08058   0.07558   0.07261   0.07961   0.03220   0.02076   0.08789   0.00891   0.06729   0.00154   0.04914   0.04161   0.06183   0.07025   0.02956   0.00340   0.01824   0.02042   0.06380   0.06930   0.06782   0.04495   0.03101   0.05940   0.02169   0.03432   0.05810   0.00000   0.06559   0.00000   0.00000   0.04841   0.02985   0.06487   1.16380   1.17098   0.97814  
  5 331.1262    173.363142  x:  0.00108   0.01583   0.06242   0.01819   0.07517   0.07414   0.03450   0.04151   0.07354   0.01864   0.05435   0.02522   0.02344   0.01473   0.01842   0.06583   0.06048   0.02603   0.05272   0.09064   0.07860   0.03807   0.01089   0.01899   0.00000   0.13865   0.04407   0.03668   0.08313   0.01208   0.02020   0.01581   0.06701   0.01021   0.04746   0.03073   0.09599   0.06774   0.17781   0.08130   0.00388   0.01000   0.02986   0.01780   0.04710   0.02993   0.06877   0.04070   0.04728   0.06748   0.02751   0.07972   0.07471   0.07175   0.07874   0.03133   0.01989   0.08826   0.00821   0.06824   0.00072   0.04835   0.04077   0.06015   0.06987   0.02635   0.00000   0.01483   0.01701   0.06042   0.06612   0.06448   0.04157   0.02762   0.05605   0.01829   0.03093   0.05654   0.00000   0.06225   0.00000   0.00000   0.04846   0.03252   0.06168   1.16271   1.17098   0.97715  
  6 1201.3184    172.223074  x:  0.00036   0.01518   0.06176   0.01743   0.07442   0.07339   0.03375   0.04076   0.07279   0.01789   0.05360   0.02446   0.02269   0.01397   0.01767   0.06508   0.05973   0.02527   0.05197   0.09102   0.07794   0.03734   0.01015   0.01833   0.00000   0.13933   0.04341   0.03601   0.08247   0.01140   0.01953   0.01515   0.06635   0.00954   0.04679   0.03019   0.09675   0.06718   0.17962   0.08061   0.00308   0.00920   0.02918   0.01708   0.04638   0.02918   0.06802   0.03995   0.04653   0.06673   0.02675   0.07897   0.07396   0.07100   0.07799   0.03057   0.01913   0.08844   0.00761   0.06929   0.00000   0.04767   0.04004   0.05867   0.06980   0.02361   0.00000   0.01189   0.01408   0.05752   0.06340   0.06161   0.03866   0.02470   0.05318   0.01537   0.02801   0.05516   0.00000   0.05938   0.00000   0.00000   0.04850   0.03473   0.05894   1.16172   1.17098   0.97623  
  7 53965.5221    171.672481  x:  0.00000   0.01486   0.06144   0.01705   0.07404   0.07301   0.03337   0.04038   0.07241   0.01750   0.05322   0.02408   0.02230   0.01359   0.01728   0.06470   0.05935   0.02489   0.05159   0.09100   0.07761   0.03696   0.00978   0.01800   0.00000   0.13985   0.04308   0.03567   0.08213   0.01107   0.01919   0.01482   0.06602   0.00920   0.04645   0.02992   0.09696   0.06692   0.18097   0.08028   0.00268   0.00880   0.02886   0.01672   0.04603   0.02880   0.06764   0.03957   0.04615   0.06635   0.02637   0.07860   0.07359   0.07062   0.07762   0.03019   0.01875   0.08835   0.00734   0.06933   0.00000   0.04734   0.03969   0.05784   0.06917   0.02236   0.00000   0.01052   0.01271   0.05617   0.06216   0.06027   0.03730   0.02334   0.05183   0.01400   0.02665   0.05436   0.00000   0.05804   0.00000   0.00000   0.04854   0.03557   0.05764   1.16102   1.17098   0.97555  
  8 2779.8198    168.392518  x:  0.00000   0.01300   0.05954   0.01445   0.07145   0.07042   0.03075   0.03777   0.06981   0.01488   0.05061   0.02145   0.01968   0.01096   0.01465   0.06209   0.05676   0.02227   0.04898   0.09255   0.07556   0.03438   0.00718   0.01597   0.00000   0.14253   0.04083   0.03337   0.07985   0.00875   0.01688   0.01258   0.06375   0.00689   0.04416   0.02835   0.09405   0.06537   0.18442   0.07834   0.00000   0.00613   0.02697   0.01441   0.04371   0.02619   0.06505   0.03696   0.04353   0.06375   0.02376   0.07601   0.07099   0.06803   0.07503   0.02757   0.01612   0.09320   0.00638   0.07191   0.00000   0.04546   0.03746   0.05013   0.06798   0.01661   0.00000   0.00317   0.00536   0.04901   0.05639   0.05320   0.03005   0.01606   0.04473   0.00669   0.01935   0.04651   0.00000   0.05091   0.00000   0.00000   0.04872   0.03599   0.05041   1.15194   1.17098   0.96647  
  9 559.3682    166.934263  x:  0.00000   0.01220   0.05872   0.01327   0.07028   0.06925   0.02956   0.03659   0.06864   0.01369   0.04943   0.02026   0.01849   0.00978   0.01346   0.06091   0.05559   0.02108   0.04780   0.09346   0.07467   0.03322   0.00601   0.01507   0.00000   0.14302   0.03980   0.03233   0.07881   0.00770   0.01583   0.01157   0.06272   0.00583   0.04311   0.02772   0.09539   0.06473   0.18460   0.07751   0.00000   0.00492   0.02614   0.01337   0.04267   0.02501   0.06387   0.03577   0.04235   0.06258   0.02258   0.07484   0.06982   0.06685   0.07385   0.02639   0.01493   0.09349   0.00606   0.07294   0.00000   0.04465   0.03647   0.04610   0.06713   0.01430   0.00000   0.00000   0.00219   0.04594   0.05407   0.05016   0.02692   0.01293   0.04168   0.00353   0.01621   0.04240   0.00000   0.04783   0.00000   0.00000   0.04881   0.03565   0.04723   1.14731   1.17098   0.96195  
 10 1550.8854    165.953760  x:  0.00000   0.01185   0.05837   0.01264   0.06965   0.06862   0.02892   0.03595   0.06801   0.01306   0.04879   0.01962   0.01785   0.00914   0.01282   0.06028   0.05496   0.02044   0.04717   0.09312   0.07426   0.03262   0.00541   0.01466   0.00000   0.14163   0.03921   0.03172   0.07820   0.00708   0.01521   0.01098   0.06212   0.00522   0.04250   0.02747   0.09635   0.06446   0.18566   0.07710   0.00000   0.00419   0.02574   0.01284   0.04214   0.02437   0.06324   0.03514   0.04172   0.06194   0.02195   0.07422   0.06919   0.06622   0.07323   0.02575   0.01429   0.09457   0.00623   0.07381   0.00000   0.04431   0.03582   0.04126   0.06652   0.01311   0.00000   0.00000   0.00000   0.04389   0.05285   0.04813   0.02478   0.01078   0.03964   0.00136   0.01404   0.03767   0.00000   0.04568   0.00000   0.00000   0.04886   0.03553   0.04487   1.14422   1.17098   0.95993  
 11 536.1592    165.370553  x:  0.00000   0.01166   0.05818   0.01226   0.06928   0.06825   0.02854   0.03557   0.06763   0.01267   0.04841   0.01924   0.01747   0.00875   0.01244   0.05990   0.05458   0.02006   0.04678   0.09339   0.07403   0.03226   0.00505   0.01442   0.00000   0.14111   0.03885   0.03135   0.07783   0.00671   0.01484   0.01063   0.06176   0.00484   0.04213   0.02732   0.09675   0.06431   0.18627   0.07686   0.00000   0.00375   0.02550   0.01252   0.04183   0.02399   0.06286   0.03475   0.04133   0.06157   0.02157   0.07384   0.06881   0.06585   0.07285   0.02536   0.01391   0.09499   0.00636   0.07436   0.00000   0.04412   0.03542   0.03804   0.06614   0.01240   0.00000   0.00000   0.00000   0.04260   0.05212   0.04687   0.02344   0.00943   0.03837   0.00000   0.01269   0.03452   0.00000   0.04433   0.00000   0.00000   0.04888   0.03553   0.04338   1.14234   1.17098   0.95876  
 12 6711.6558    161.524781  x:  0.00000   0.01030   0.05677   0.00958   0.06662   0.06559   0.02584   0.03288   0.06496   0.00997   0.04573   0.01653   0.01476   0.00604   0.00973   0.05721   0.05193   0.01735   0.04410   0.09824   0.07237   0.02974   0.00253   0.01278   0.00000   0.13326   0.03630   0.02874   0.07524   0.00407   0.01221   0.00811   0.05920   0.00220   0.03952   0.02624   0.09795   0.06319   0.19200   0.07516   0.00000   0.00063   0.02385   0.01027   0.03959   0.02130   0.06020   0.03206   0.03864   0.05889   0.01889   0.07119   0.06615   0.06318   0.07019   0.02266   0.01120   0.09639   0.00728   0.07818   0.00000   0.04267   0.03259   0.01656   0.06339   0.00733   0.00000   0.00000   0.00000   0.03361   0.04689   0.03798   0.01406   0.00000   0.02942   0.00000   0.00321   0.01353   0.00000   0.03486   0.00000   0.00000   0.04907   0.03428   0.03294   1.12875   1.17098   0.95060  
 13 4771.6475    160.690784  x:  0.00000   0.01008   0.05657   0.00914   0.06618   0.06514   0.02538   0.03243   0.06451   0.00952   0.04528   0.01608   0.01430   0.00559   0.00927   0.05676   0.05148   0.01690   0.04365   0.09876   0.07215   0.02937   0.00215   0.01254   0.00000   0.13322   0.03579   0.02822   0.07473   0.00355   0.01168   0.00761   0.05870   0.00168   0.03900   0.02608   0.09861   0.06299   0.19272   0.07487   0.00000   0.00000   0.02355   0.00990   0.03923   0.02085   0.05975   0.03161   0.03819   0.05844   0.01843   0.07075   0.06570   0.06274   0.06974   0.02221   0.01074   0.09701   0.00780   0.07906   0.00000   0.04227   0.03188   0.01319   0.06269   0.00605   0.00000   0.00000   0.00000   0.03142   0.04552   0.03579   0.01175   0.00000   0.02721   0.00000   0.00088   0.01030   0.00000   0.03248   0.00000   0.00000   0.04912   0.03080   0.03024   1.12538   1.17098   0.95054  
 14 190.9943    160.388719  x:  0.00000   0.01001   0.05650   0.00896   0.06600   0.06497   0.02521   0.03225   0.06434   0.00934   0.04510   0.01590   0.01413   0.00541   0.00909   0.05659   0.05131   0.01672   0.04347   0.09894   0.07207   0.02922   0.00200   0.01246   0.00000   0.13318   0.03560   0.02802   0.07454   0.00335   0.01149   0.00742   0.05851   0.00148   0.03881   0.02602   0.09880   0.06293   0.19294   0.07476   0.00000   0.00000   0.02344   0.00975   0.03909   0.02068   0.05958   0.03143   0.03801   0.05827   0.01826   0.07058   0.06553   0.06256   0.06957   0.02203   0.01056   0.09719   0.00799   0.07933   0.00000   0.04218   0.03164   0.01221   0.06248   0.00559   0.00000   0.00000   0.00000   0.03060   0.04502   0.03497   0.01087   0.00000   0.02638   0.00000   0.00000   0.00943   0.00000   0.03154   0.00000   0.00000   0.04914   0.02928   0.02915   1.12438   1.17098   0.95042  
 15 934.5087    158.408673  x:  0.00000   0.00942   0.05589   0.00765   0.06471   0.06367   0.02388   0.03093   0.06303   0.00801   0.04378   0.01457   0.01279   0.00408   0.00776   0.05527   0.05001   0.01539   0.04216   0.10024   0.07142   0.02809   0.00087   0.01182   0.00000   0.13272   0.03418   0.02656   0.07310   0.00188   0.01001   0.00601   0.05709   0.00000   0.03735   0.02545   0.10024   0.06242   0.19464   0.07392   0.00000   0.00000   0.02262   0.00869   0.03803   0.01936   0.05827   0.03011   0.03669   0.05696   0.01694   0.06929   0.06422   0.06126   0.06827   0.02070   0.00923   0.09851   0.00916   0.08136   0.00000   0.04117   0.02987   0.00466   0.06094   0.00231   0.00000   0.00000   0.00000   0.02507   0.04150   0.02942   0.00502   0.00000   0.02079   0.00000   0.00000   0.00276   0.00000   0.02549   0.00000   0.00000   0.04925   0.01869   0.02226   1.11636   1.17098   0.94910  
 16 2379.6021    158.089415  x:  0.00000   0.00874   0.05519   0.00726   0.06433   0.06329   0.02349   0.03055   0.06265   0.00762   0.04340   0.01418   0.01240   0.00369   0.00737   0.05489   0.04963   0.01500   0.04177   0.10052   0.07100   0.02776   0.00053   0.01141   0.00000   0.13263   0.03376   0.02614   0.07267   0.00144   0.00958   0.00559   0.05667   0.00000   0.03692   0.02485   0.10050   0.06184   0.19500   0.07339   0.00000   0.00000   0.02211   0.00834   0.03768   0.01897   0.05789   0.02972   0.03631   0.05658   0.01656   0.06891   0.06384   0.06088   0.06789   0.02031   0.00884   0.09877   0.00747   0.08180   0.00000   0.03929   0.02922   0.00322   0.06076   0.00000   0.00000   0.00000   0.00000   0.02458   0.03931   0.02892   0.00480   0.00000   0.02035   0.00000   0.00000   0.00113   0.00000   0.02654   0.00000   0.00000   0.04927   0.01664   0.02489   1.11333   1.17098   0.95047  
 17 116.1328    158.089415  x:  0.00000   0.00874   0.05519   0.00726   0.06433   0.06329   0.02349   0.03055   0.06265   0.00762   0.04340   0.01418   0.01240   0.00369   0.00737   0.05489   0.04963   0.01500   0.04177   0.10052   0.07100   0.02776   0.00053   0.01141   0.00000   0.13263   0.03376   0.02614   0.07267   0.00144   0.00958   0.00559   0.05667   0.00000   0.03692   0.02485   0.10050   0.06184   0.19500   0.07339   0.00000   0.00000   0.02211   0.00834   0.03768   0.01897   0.05789   0.02972   0.03631   0.05658   0.01656   0.06891   0.06384   0.06088   0.06789   0.02031   0.00884   0.09877   0.00747   0.08180   0.00000   0.03929   0.02922   0.00322   0.06076   0.00000   0.00000   0.00000   0.00000   0.02458   0.03931   0.02892   0.00480   0.00000   0.02035   0.00000   0.00000   0.00113   0.00000   0.02654   0.00000   0.00000   0.04927   0.01664   0.02489   1.11333   1.17098   0.95047  
 18 37.1883    157.735469  x:  0.00000   0.00849   0.05494   0.00701   0.06408   0.06304   0.02324   0.03030   0.06240   0.00737   0.04315   0.01393   0.01215   0.00344   0.00712   0.05464   0.04938   0.01475   0.04152   0.10075   0.07076   0.02752   0.00029   0.01117   0.00000   0.13275   0.03354   0.02591   0.07246   0.00122   0.00936   0.00537   0.05645   0.00000   0.03670   0.02464   0.10076   0.06162   0.19525   0.07313   0.00000   0.00000   0.02185   0.00809   0.03744   0.01872   0.05764   0.02947   0.03606   0.05633   0.01631   0.06866   0.06360   0.06063   0.06764   0.02006   0.00859   0.09899   0.00720   0.08212   0.00000   0.03903   0.02896   0.00209   0.06043   0.00000   0.00000   0.00000   0.00000   0.02348   0.03821   0.02782   0.00370   0.00000   0.01925   0.00000   0.00000   0.00000   0.00000   0.02541   0.00000   0.00000   0.05004   0.01552   0.02376   1.11333   1.17098   0.95047  
 19 87.1813    157.365847  x:  0.00000   0.00820   0.05465   0.00671   0.06378   0.06275   0.02295   0.03000   0.06211   0.00707   0.04286   0.01363   0.01186   0.00314   0.00682   0.05434   0.04909   0.01446   0.04123   0.10098   0.07048   0.02723   0.00000   0.01089   0.00000   0.13289   0.03328   0.02565   0.07220   0.00096   0.00910   0.00511   0.05619   0.00000   0.03644   0.02439   0.10103   0.06137   0.19553   0.07282   0.00000   0.00000   0.02154   0.00780   0.03714   0.01843   0.05735   0.02918   0.03576   0.05603   0.01601   0.06837   0.06330   0.06034   0.06735   0.01976   0.00829   0.09923   0.00689   0.08243   0.00000   0.03872   0.02867   0.00075   0.06017   0.00000   0.00000   0.00000   0.00000   0.02217   0.03691   0.02652   0.00239   0.00000   0.01795   0.00000   0.00000   0.00000   0.00000   0.02409   0.00000   0.00000   0.05006   0.01419   0.02243   1.11332   1.17098   0.95049  
 20 2063.4238    157.161209  x:  0.00000   0.00804   0.05448   0.00655   0.06362   0.06258   0.02278   0.02984   0.06194   0.00691   0.04269   0.01347   0.01169   0.00298   0.00665   0.05418   0.04893   0.01429   0.04107   0.10112   0.07032   0.02707   0.00000   0.01073   0.00000   0.13297   0.03313   0.02551   0.07205   0.00081   0.00895   0.00496   0.05605   0.00000   0.03630   0.02425   0.10120   0.06123   0.19569   0.07265   0.00000   0.00000   0.02137   0.00763   0.03698   0.01826   0.05719   0.02902   0.03560   0.05587   0.01585   0.06820   0.06314   0.06017   0.06719   0.01960   0.00813   0.09937   0.00672   0.08264   0.00000   0.03854   0.02850   0.00000   0.05997   0.00000   0.00000   0.00000   0.00000   0.02145   0.03619   0.02579   0.00166   0.00000   0.01722   0.00000   0.00000   0.00000   0.00000   0.02335   0.00000   0.00000   0.05005   0.01345   0.02170   1.11332   1.17098   0.95049  
 21 87468.3842    156.719123  x:  0.00000   0.00767   0.05411   0.00613   0.06321   0.06217   0.02237   0.02942   0.06153   0.00649   0.04228   0.01305   0.01128   0.00256   0.00624   0.05377   0.04852   0.01388   0.04065   0.10203   0.06994   0.02667   0.00000   0.01037   0.00000   0.13343   0.03277   0.02514   0.07169   0.00044   0.00859   0.00460   0.05569   0.00000   0.03593   0.02394   0.10226   0.06091   0.19661   0.07225   0.00000   0.00000   0.02098   0.00724   0.03658   0.01785   0.05678   0.02860   0.03519   0.05546   0.01543   0.06779   0.06273   0.05976   0.06678   0.01919   0.00772   0.10030   0.00633   0.08378   0.00000   0.03815   0.02809   0.00000   0.06078   0.00000   0.00000   0.00000   0.00000   0.01980   0.03454   0.02415   0.00000   0.00000   0.01557   0.00000   0.00000   0.00000   0.00000   0.02169   0.00000   0.00000   0.05006   0.01179   0.02004   1.11309   1.17098   0.95011  
 22 506.8459    156.288583  x:  0.00000   0.00727   0.05369   0.00564   0.06272   0.06169   0.02188   0.02893   0.06104   0.00600   0.04179   0.01256   0.01079   0.00207   0.00575   0.05328   0.04803   0.01339   0.04016   0.10257   0.06953   0.02620   0.00000   0.00995   0.00000   0.13400   0.03234   0.02471   0.07126   0.00000   0.00815   0.00417   0.05525   0.00000   0.03549   0.02360   0.10291   0.06056   0.19777   0.07182   0.00000   0.00000   0.02055   0.00677   0.03612   0.01736   0.05629   0.02811   0.03470   0.05497   0.01494   0.06731   0.06224   0.05928   0.06629   0.01869   0.00722   0.10079   0.00591   0.08339   0.00000   0.03772   0.02758   0.00000   0.06044   0.00000   0.00000   0.00000   0.00000   0.01802   0.03278   0.02238   0.00000   0.00000   0.01381   0.00000   0.00000   0.00000   0.00000   0.01993   0.00000   0.00000   0.05003   0.01004   0.01829   1.11252   1.17098   0.94912  
 23 235.6139    154.506827  x:  0.00000   0.00558   0.05199   0.00359   0.06069   0.05965   0.01982   0.02688   0.05901   0.00394   0.03974   0.01050   0.00872   0.00000   0.00368   0.05123   0.04598   0.01133   0.03811   0.10311   0.06779   0.02421   0.00000   0.00822   0.00000   0.13525   0.03052   0.02287   0.06944   0.00000   0.00630   0.00236   0.05343   0.00000   0.03366   0.02219   0.10354   0.05913   0.20053   0.07000   0.00000   0.00000   0.01876   0.00484   0.03419   0.01530   0.05425   0.02606   0.03264   0.05293   0.01289   0.06527   0.06020   0.05724   0.06425   0.01664   0.00516   0.10125   0.00412   0.08547   0.00000   0.03592   0.02544   0.00000   0.05916   0.00000   0.00000   0.00000   0.00000   0.01055   0.02537   0.01495   0.00000   0.00000   0.00637   0.00000   0.00000   0.00000   0.00000   0.01254   0.00000   0.00000   0.04985   0.00271   0.01095   1.11009   1.17098   0.94495  
 24 1354.4410    153.862079  x:  0.00000   0.00498   0.05139   0.00286   0.05996   0.05893   0.01909   0.02615   0.05829   0.00321   0.03901   0.00977   0.00799   0.00000   0.00295   0.05051   0.04526   0.01060   0.03739   0.10359   0.06717   0.02351   0.00000   0.00761   0.00000   0.13534   0.02988   0.02222   0.06879   0.00000   0.00564   0.00172   0.05278   0.00000   0.03300   0.02170   0.10407   0.05863   0.20075   0.06934   0.00000   0.00000   0.01810   0.00416   0.03351   0.01457   0.05353   0.02533   0.03192   0.05221   0.01216   0.06455   0.05948   0.05651   0.06353   0.01591   0.00443   0.10179   0.00348   0.08602   0.00000   0.03528   0.02466   0.00000   0.05868   0.00000   0.00000   0.00000   0.00000   0.00779   0.02263   0.01221   0.00000   0.00000   0.00362   0.00000   0.00000   0.00000   0.00000   0.00981   0.00000   0.00000   0.04979   0.00000   0.00825   1.10927   1.17098   0.94363  
 25 4418.1112    153.132744  x:  0.00000   0.00432   0.05073   0.00206   0.05917   0.05814   0.01829   0.02535   0.05749   0.00241   0.03822   0.00897   0.00719   0.00000   0.00215   0.04972   0.04447   0.00980   0.03659   0.10416   0.06650   0.02276   0.00000   0.00694   0.00000   0.13591   0.02914   0.02148   0.06806   0.00000   0.00490   0.00098   0.05205   0.00000   0.03226   0.02115   0.10483   0.05806   0.20150   0.06859   0.00000   0.00000   0.01734   0.00340   0.03275   0.01378   0.05273   0.02453   0.03112   0.05141   0.01136   0.06376   0.05869   0.05572   0.06274   0.01511   0.00363   0.10195   0.00270   0.08676   0.00000   0.03450   0.02368   0.00000   0.05811   0.00000   0.00000   0.00000   0.00000   0.00414   0.01903   0.00860   0.00000   0.00000   0.00000   0.00000   0.00000   0.00000   0.00000   0.00619   0.00000   0.00000   0.04971   0.00000   0.00468   1.10861   1.17098   0.94304  
 26 1355.7906    152.404058  x:  0.00000   0.00358   0.04998   0.00116   0.05828   0.05725   0.01739   0.02446   0.05660   0.00151   0.03732   0.00806   0.00629   0.00000   0.00125   0.04882   0.04357   0.00890   0.03570   0.10454   0.06575   0.02191   0.00000   0.00618   0.00000   0.13632   0.02832   0.02065   0.06723   0.00000   0.00407   0.00016   0.05123   0.00000   0.03143   0.02053   0.10518   0.05742   0.20252   0.06773   0.00000   0.00000   0.01649   0.00254   0.03190   0.01288   0.05184   0.02364   0.03022   0.05052   0.01046   0.06288   0.05780   0.05483   0.06185   0.01421   0.00273   0.10290   0.00183   0.08755   0.00000   0.03362   0.02259   0.00000   0.05748   0.00000   0.00000   0.00000   0.00000   0.00000   0.01493   0.00450   0.00000   0.00000   0.00000   0.00000   0.00000   0.00000   0.00000   0.00208   0.00000   0.00000   0.04962   0.00000   0.00063   1.10789   1.17098   0.94240  
 27 6304.3826    152.307717  x:  0.00000   0.00346   0.04986   0.00102   0.05814   0.05711   0.01725   0.02432   0.05646   0.00137   0.03718   0.00792   0.00615   0.00000   0.00111   0.04868   0.04343   0.00876   0.03556   0.10464   0.06564   0.02178   0.00000   0.00607   0.00000   0.13631   0.02819   0.02052   0.06711   0.00000   0.00394   0.00003   0.05110   0.00000   0.03131   0.02043   0.10530   0.05733   0.20264   0.06760   0.00000   0.00000   0.01636   0.00240   0.03177   0.01274   0.05170   0.02350   0.03009   0.05038   0.01032   0.06274   0.05766   0.05469   0.06171   0.01407   0.00259   0.10292   0.00170   0.08766   0.00000   0.03349   0.02243   0.00000   0.05740   0.00000   0.00000   0.00000   0.00000   0.00000   0.01431   0.00387   0.00000   0.00000   0.00000   0.00000   0.00000   0.00000   0.00000   0.00144   0.00000   0.00000   0.04961   0.00000   0.00000   1.10777   1.17098   0.94228  
 28 1182.1275    152.289907  x:  0.00000   0.00343   0.04984   0.00099   0.05811   0.05708   0.01722   0.02429   0.05643   0.00134   0.03715   0.00789   0.00612   0.00000   0.00108   0.04865   0.04340   0.00873   0.03553   0.10465   0.06561   0.02175   0.00000   0.00604   0.00000   0.13635   0.02816   0.02049   0.06708   0.00000   0.00391   0.00000   0.05107   0.00000   0.03128   0.02041   0.10532   0.05730   0.20265   0.06757   0.00000   0.00000   0.01633   0.00238   0.03174   0.01271   0.05167   0.02347   0.03006   0.05035   0.01029   0.06271   0.05763   0.05466   0.06168   0.01404   0.00256   0.10293   0.00167   0.08768   0.00000   0.03346   0.02239   0.00000   0.05738   0.00000   0.00000   0.00000   0.00000   0.00000   0.01417   0.00374   0.00000   0.00000   0.00000   0.00000   0.00000   0.00000   0.00000   0.00130   0.00000   0.00000   0.04961   0.00000   0.00000   1.10774   1.17098   0.94226  
 29 1238.9075    152.130269  x:  0.00000   0.00321   0.04961   0.00073   0.05785   0.05682   0.01696   0.02402   0.05617   0.00107   0.03689   0.00763   0.00586   0.00000   0.00081   0.04839   0.04314   0.00846   0.03526   0.10482   0.06538   0.02150   0.00000   0.00581   0.00000   0.13653   0.02793   0.02025   0.06684   0.00000   0.00367   0.00000   0.05084   0.00000   0.03104   0.02021   0.10546   0.05711   0.20280   0.06730   0.00000   0.00000   0.01607   0.00212   0.03148   0.01244   0.05141   0.02320   0.02979   0.05009   0.01003   0.06245   0.05737   0.05440   0.06142   0.01377   0.00229   0.10304   0.00140   0.08787   0.00000   0.03319   0.02209   0.00000   0.05724   0.00000   0.00000   0.00000   0.00000   0.00000   0.01290   0.00246   0.00000   0.00000   0.00000   0.00000   0.00000   0.00000   0.00000   0.00000   0.00000   0.00000   0.04959   0.00000   0.00000   1.10751   1.17098   0.94219  
 30 2670.9131    151.885293  x:  0.00000   0.00275   0.04915   0.00023   0.05736   0.05632   0.01646   0.02353   0.05568   0.00057   0.03640   0.00713   0.00536   0.00000   0.00031   0.04790   0.04265   0.00796   0.03477   0.10454   0.06493   0.02103   0.00000   0.00536   0.00000   0.13673   0.02748   0.01980   0.06640   0.00000   0.00322   0.00000   0.05039   0.00000   0.03059   0.01983   0.10613   0.05672   0.20310   0.06679   0.00000   0.00000   0.01555   0.00163   0.03099   0.01194   0.05092   0.02270   0.02929   0.04959   0.00953   0.06195   0.05688   0.05391   0.06093   0.01328   0.00179   0.10329   0.00087   0.08819   0.00000   0.03266   0.02153   0.00000   0.05699   0.00000   0.00000   0.00000   0.00000   0.00000   0.01044   0.00000   0.00000   0.00000   0.00000   0.00000   0.00000   0.00000   0.00000   0.00000   0.00000   0.00000   0.04955   0.00000   0.00000   1.10714   1.17098   0.94219  
 31 849.4392    151.801151  x:  0.00000   0.00254   0.04894   0.00000   0.05714   0.05610   0.01624   0.02330   0.05546   0.00035   0.03617   0.00691   0.00513   0.00000   0.00009   0.04767   0.04243   0.00774   0.03454   0.10470   0.06472   0.02082   0.00000   0.00515   0.00000   0.13686   0.02728   0.01960   0.06620   0.00000   0.00301   0.00000   0.05019   0.00000   0.03039   0.01965   0.10620   0.05654   0.20318   0.06655   0.00000   0.00000   0.01532   0.00141   0.03077   0.01172   0.05069   0.02248   0.02907   0.04937   0.00930   0.06173   0.05665   0.05368   0.06071   0.01305   0.00157   0.10336   0.00062   0.08832   0.00000   0.03241   0.02128   0.00000   0.05689   0.00000   0.00000   0.00000   0.00000   0.00000   0.00932   0.00000   0.00000   0.00000   0.00000   0.00000   0.00000   0.00000   0.00000   0.00000   0.00000   0.00000   0.04954   0.00000   0.00000   1.10700   1.17098   0.94224  
 32 678.8759    151.768891  x:  0.00000   0.00246   0.04886   0.00000   0.05705   0.05602   0.01615   0.02322   0.05537   0.00026   0.03609   0.00682   0.00505   0.00000   0.00000   0.04759   0.04234   0.00765   0.03446   0.10475   0.06464   0.02074   0.00000   0.00507   0.00000   0.13690   0.02721   0.01952   0.06612   0.00000   0.00294   0.00000   0.05011   0.00000   0.03031   0.01958   0.10624   0.05647   0.20322   0.06646   0.00000   0.00000   0.01522   0.00132   0.03068   0.01163   0.05061   0.02239   0.02899   0.04928   0.00922   0.06165   0.05657   0.05360   0.06062   0.01297   0.00148   0.10339   0.00053   0.08836   0.00000   0.03232   0.02119   0.00000   0.05685   0.00000   0.00000   0.00000   0.00000   0.00000   0.00887   0.00000   0.00000   0.00000   0.00000   0.00000   0.00000   0.00000   0.00000   0.00000   0.00000   0.00000   0.04953   0.00000   0.00000   1.10694   1.17098   0.94229  
 33 1620.0000    151.700444  x:  0.00000   0.00247   0.04889   0.00000   0.05681   0.05578   0.01591   0.02297   0.05513   0.00000   0.03584   0.00657   0.00480   0.00000   0.00000   0.04734   0.04209   0.00740   0.03421   0.10485   0.06462   0.02053   0.00000   0.00503   0.00000   0.13701   0.02693   0.01924   0.06584   0.00000   0.00265   0.00000   0.04984   0.00000   0.03003   0.01967   0.10632   0.05653   0.20330   0.06643   0.00000   0.00000   0.01518   0.00115   0.03052   0.01139   0.05037   0.02215   0.02874   0.04904   0.00897   0.06141   0.05633   0.05336   0.06038   0.01272   0.00123   0.10347   0.00050   0.08848   0.00000   0.03230   0.02062   0.00000   0.05676   0.00000   0.00000   0.00000   0.00000   0.00000   0.00807   0.00000   0.00000   0.00000   0.00000   0.00000   0.00000   0.00000   0.00000   0.00000   0.00000   0.00000   0.04952   0.00000   0.00000   1.10676   1.17098   0.94178  
 34 30.7447    151.461858  x:  0.00000   0.00500   0.05154   0.00000   0.05564   0.05461   0.01469   0.02176   0.05396   0.00000   0.03463   0.00534   0.00357   0.00000   0.00000   0.04614   0.04079   0.00617   0.03301   0.10523   0.06613   0.01974   0.00000   0.00642   0.00000   0.13752   0.02511   0.01742   0.06406   0.00000   0.00081   0.00000   0.04804   0.00000   0.02822   0.02319   0.10663   0.05987   0.20376   0.06816   0.00000   0.00000   0.01682   0.00075   0.03018   0.01017   0.04919   0.02094   0.02754   0.04786   0.00776   0.06025   0.05516   0.05218   0.05920   0.01149   0.00000   0.10372   0.00257   0.08898   0.00000   0.03441   0.01549   0.00000   0.05639   0.00000   0.00000   0.00000   0.00000   0.00000   0.00378   0.00000   0.00000   0.00000   0.00000   0.00000   0.00000   0.00000   0.00000   0.00000   0.00000   0.00000   0.04948   0.00000   0.00000   1.10614   1.17098   0.93937  
 35 33.4283    151.363564  x:  0.00000   0.00563   0.05224   0.00000   0.05516   0.05413   0.01418   0.02126   0.05348   0.00000   0.03413   0.00483   0.00306   0.00000   0.00000   0.04565   0.04025   0.00566   0.03251   0.10544   0.06665   0.01943   0.00000   0.00686   0.00000   0.13781   0.02432   0.01663   0.06329   0.00000   0.00000   0.00000   0.04725   0.00000   0.02742   0.02398   0.10681   0.06058   0.20405   0.06863   0.00000   0.00000   0.01724   0.00061   0.03007   0.00967   0.04871   0.02044   0.02704   0.04737   0.00727   0.05978   0.05468   0.05170   0.05872   0.01099   0.00000   0.10384   0.00303   0.08925   0.00000   0.03491   0.01321   0.00000   0.05619   0.00000   0.00000   0.00000   0.00000   0.00000   0.00284   0.00000   0.00000   0.00000   0.00000   0.00000   0.00000   0.00000   0.00000   0.00000   0.00000   0.00000   0.04946   0.00000   0.00000   1.10576   1.17098   0.93852  
 36 77.1990    151.071070  x:  0.00000   0.00767   0.05449   0.00000   0.05251   0.05149   0.01139   0.01849   0.05082   0.00000   0.03136   0.00200   0.00022   0.00000   0.00000   0.04290   0.03726   0.00284   0.02976   0.10599   0.06966   0.01773   0.00000   0.00958   0.00000   0.13831   0.01978   0.01213   0.05889   0.00000   0.00000   0.00000   0.04279   0.00000   0.02294   0.02402   0.10736   0.06040   0.20420   0.07052   0.00000   0.00000   0.01891   0.00025   0.02987   0.00689   0.04603   0.01766   0.02428   0.04468   0.00451   0.05717   0.05203   0.04904   0.05605   0.00820   0.00000   0.10423   0.00379   0.08980   0.00000   0.03577   0.00000   0.00000   0.05584   0.00000   0.00000   0.00000   0.00000   0.00000   0.00981   0.00000   0.00000   0.00000   0.00000   0.00000   0.00000   0.00000   0.00000   0.00000   0.00000   0.00000   0.04944   0.00000   0.00000   1.10311   1.17098   0.93332  
 37 25.4946    151.055525  x:  0.00000   0.00785   0.05468   0.00000   0.05230   0.05128   0.01117   0.01828   0.05061   0.00000   0.03114   0.00178   0.00000   0.00000   0.00000   0.04268   0.03702   0.00262   0.02954   0.10603   0.06991   0.01759   0.00000   0.00980   0.00000   0.13835   0.01943   0.01178   0.05856   0.00000   0.00000   0.00000   0.04245   0.00000   0.02259   0.02402   0.10740   0.06039   0.20422   0.07068   0.00000   0.00000   0.01905   0.00022   0.02985   0.00667   0.04582   0.01745   0.02407   0.04447   0.00429   0.05696   0.05182   0.04883   0.05584   0.00798   0.00000   0.10426   0.00386   0.08985   0.00000   0.03584   0.00000   0.00000   0.05581   0.00000   0.00000   0.00000   0.00000   0.00000   0.01040   0.00000   0.00000   0.00000   0.00000   0.00000   0.00000   0.00000   0.00000   0.00000   0.00000   0.00000   0.04943   0.00000   0.00000   1.10295   1.17098   0.93308  
 38 342.4436    150.889630  x:  0.00000   0.00851   0.05571   0.00000   0.05079   0.04979   0.00946   0.01659   0.04909   0.00000   0.02944   0.00000   0.00000   0.00000   0.00000   0.04102   0.03502   0.00085   0.02787   0.10672   0.07427   0.01750   0.00000   0.01371   0.00000   0.13933   0.01453   0.00694   0.05388   0.00000   0.00000   0.00000   0.03767   0.00000   0.01777   0.02261   0.10802   0.05862   0.20557   0.07214   0.00000   0.00000   0.02013   0.00213   0.03202   0.00498   0.04427   0.01575   0.02240   0.04289   0.00263   0.05552   0.05032   0.04730   0.05430   0.00627   0.00000   0.10500   0.00355   0.09085   0.00000   0.03574   0.00000   0.00000   0.05506   0.00000   0.00000   0.00000   0.00000   0.00000   0.01440   0.00000   0.00000   0.00000   0.00000   0.00000   0.00000   0.00000   0.00000   0.00000   0.00000   0.00000   0.04936   0.00000   0.00000   1.10501   1.17098   0.92583  
 39 10.7379    150.801474  x:  0.00000   0.00860   0.05606   0.00000   0.05017   0.04918   0.00866   0.01582   0.04847   0.00000   0.02864   0.00000   0.00000   0.00000   0.00000   0.04026   0.03399   0.00000   0.02711   0.10707   0.07948   0.01813   0.00000   0.01857   0.00000   0.13978   0.01078   0.00325   0.05033   0.00000   0.00000   0.00000   0.03404   0.00000   0.01410   0.02014   0.10843   0.05586   0.20587   0.07355   0.00000   0.00000   0.02125   0.00515   0.03525   0.00420   0.04362   0.01497   0.02165   0.04220   0.00189   0.05496   0.04971   0.04667   0.05365   0.00547   0.00000   0.10517   0.00284   0.09123   0.00000   0.03520   0.00000   0.00000   0.05482   0.00000   0.00000   0.00000   0.00000   0.00000   0.01496   0.00000   0.00000   0.00000   0.00000   0.00000   0.00000   0.00000   0.00000   0.00000   0.00000   0.00000   0.04935   0.00000   0.00000   1.10371   1.17098   0.91931  
 40 10.1832    150.726238  x:  0.00000   0.00864   0.05634   0.00000   0.04961   0.04864   0.00794   0.01512   0.04791   0.00000   0.02794   0.00000   0.00000   0.00000   0.00000   0.03959   0.03307   0.00000   0.02642   0.10738   0.08385   0.01867   0.00000   0.02263   0.00000   0.14018   0.00749   0.00000   0.04721   0.00000   0.00000   0.00000   0.03084   0.00000   0.01088   0.01813   0.10880   0.05357   0.20613   0.07470   0.00000   0.00000   0.02215   0.00771   0.03799   0.00350   0.04303   0.01427   0.02097   0.04159   0.00122   0.05446   0.04915   0.04611   0.05307   0.00475   0.00000   0.10531   0.00226   0.09156   0.00000   0.03476   0.00000   0.00000   0.05460   0.00000   0.00000   0.00000   0.00000   0.00000   0.01556   0.00000   0.00000   0.00000   0.00000   0.00000   0.00000   0.00000   0.00000   0.00000   0.00000   0.00000   0.04934   0.00000   0.00000   1.10255   1.17098   0.91349  
 41 2295.6914    150.597813  x:  0.00000   0.00809   0.05610   0.00000   0.04857   0.04762   0.00666   0.01388   0.04686   0.00000   0.02668   0.00000   0.00000   0.00000   0.00000   0.03837   0.03154   0.00000   0.02524   0.10770   0.08757   0.01927   0.00000   0.02593   0.00000   0.14064   0.00245   0.00000   0.04243   0.00000   0.00000   0.00000   0.02595   0.00000   0.00594   0.01767   0.10905   0.05287   0.20666   0.07498   0.00000   0.00000   0.02207   0.01070   0.04125   0.00225   0.04195   0.01303   0.01976   0.04047   0.00000   0.05350   0.04812   0.04505   0.05200   0.00348   0.00000   0.10569   0.00175   0.09200   0.00000   0.03444   0.00000   0.00000   0.05433   0.00000   0.00000   0.00000   0.00000   0.00000   0.01719   0.00000   0.00000   0.00000   0.00000   0.00000   0.00000   0.00000   0.00000   0.00000   0.00000   0.00000   0.04932   0.00000   0.00000   1.09976   1.17098   0.90796  
 42  8.8768    150.532972  x:  0.00000   0.00734   0.05544   0.00000   0.04806   0.04712   0.00603   0.01327   0.04635   0.00000   0.02606   0.00000   0.00000   0.00000   0.00000   0.03778   0.03080   0.00000   0.02466   0.10786   0.08908   0.01955   0.00000   0.02730   0.00000   0.14082   0.00000   0.00000   0.04011   0.00000   0.00000   0.00000   0.02357   0.00000   0.00354   0.01832   0.10920   0.05346   0.20678   0.07442   0.00000   0.00000   0.02139   0.01241   0.04307   0.00163   0.04142   0.01241   0.01916   0.03992   0.00000   0.05303   0.04761   0.04453   0.05147   0.00285   0.00000   0.10575   0.00142   0.09217   0.00000   0.03415   0.00000   0.00000   0.05422   0.00000   0.00000   0.00000   0.00000   0.00000   0.01797   0.00000   0.00000   0.00000   0.00000   0.00000   0.00000   0.00000   0.00000   0.00000   0.00000   0.00000   0.04931   0.00000   0.00000   1.09910   1.17098   0.90622  
 43 23.6913    150.452856  x:  0.00000   0.00640   0.05463   0.00000   0.04730   0.04638   0.00510   0.01236   0.04558   0.00000   0.02513   0.00000   0.00000   0.00000   0.00000   0.03689   0.02971   0.00000   0.02381   0.10809   0.09117   0.01997   0.00000   0.02918   0.00000   0.14110   0.00000   0.00000   0.03668   0.00000   0.00000   0.00000   0.02007   0.00000   0.00000   0.01909   0.10944   0.05413   0.20696   0.07375   0.00000   0.00000   0.02055   0.01478   0.04561   0.00070   0.04062   0.01150   0.01827   0.03910   0.00000   0.05232   0.04686   0.04376   0.05068   0.00192   0.00000   0.10583   0.00099   0.09241   0.00000   0.03380   0.00000   0.00000   0.05406   0.00000   0.00000   0.00000   0.00000   0.00000   0.01911   0.00000   0.00000   0.00000   0.00000   0.00000   0.00000   0.00000   0.00000   0.00000   0.00000   0.00000   0.04930   0.00000   0.00000   1.09816   1.17098   0.90361  
 44 1272.9122    150.398797  x:  0.00000   0.00612   0.05441   0.00000   0.04671   0.04579   0.00440   0.01167   0.04498   0.00000   0.02444   0.00000   0.00000   0.00000   0.00000   0.03622   0.02891   0.00000   0.02316   0.10819   0.09221   0.02013   0.00000   0.03011   0.00000   0.14122   0.00000   0.00000   0.03443   0.00000   0.00000   0.00000   0.01777   0.00000   0.00000   0.01938   0.10953   0.05438   0.20707   0.07348   0.00000   0.00000   0.02018   0.01608   0.04701   0.00000   0.04001   0.01081   0.01759   0.03847   0.00000   0.05176   0.04627   0.04316   0.05008   0.00122   0.00000   0.10589   0.00085   0.09253   0.00000   0.03370   0.00000   0.00000   0.05398   0.00000   0.00000   0.00000   0.00000   0.00000   0.01976   0.00000   0.00000   0.00000   0.00000   0.00000   0.00000   0.00000   0.00000   0.00000   0.00000   0.00000   0.04930   0.00000   0.00000   1.09758   1.17098   0.90221  
 45 42.9929    150.301197  x:  0.00000   0.00602   0.05439   0.00000   0.04568   0.04478   0.00318   0.01048   0.04395   0.00000   0.02324   0.00000   0.00000   0.00000   0.00000   0.03506   0.02754   0.00000   0.02204   0.10837   0.09345   0.02043   0.00000   0.03120   0.00000   0.14144   0.00000   0.00000   0.03055   0.00000   0.00000   0.00000   0.01382   0.00000   0.00000   0.01956   0.10973   0.05449   0.20720   0.07300   0.00000   0.00000   0.01958   0.01836   0.04945   0.00000   0.03895   0.00961   0.01642   0.03738   0.00000   0.05080   0.04524   0.04212   0.04903   0.00000   0.00000   0.10596   0.00080   0.09273   0.00000   0.03370   0.00000   0.00000   0.05385   0.00000   0.00000   0.00000   0.00000   0.00000   0.02050   0.00000   0.00000   0.00000   0.00000   0.00000   0.00000   0.00000   0.00000   0.00000   0.00000   0.00000   0.04929   0.00000   0.00000   1.09674   1.17098   0.90046  
 46 164.6012    150.065923  x:  0.00000   0.00504   0.05367   0.00000   0.04298   0.04213   0.00000   0.00738   0.04123   0.00000   0.02011   0.00000   0.00000   0.00000   0.00000   0.03202   0.02395   0.00000   0.01910   0.10889   0.09762   0.02108   0.00000   0.03494   0.00000   0.14204   0.00000   0.00000   0.02058   0.00000   0.00000   0.00000   0.00367   0.00000   0.00000   0.02058   0.11030   0.05530   0.20750   0.07228   0.00000   0.00000   0.01848   0.02337   0.05488   0.00000   0.03616   0.00649   0.01337   0.03451   0.00000   0.04825   0.04256   0.03939   0.04627   0.00000   0.00000   0.10611   0.00003   0.09327   0.00000   0.03308   0.00000   0.00000   0.05348   0.00000   0.00000   0.00000   0.00000   0.00000   0.02277   0.00000   0.00000   0.00000   0.00000   0.00000   0.00000   0.00000   0.00000   0.00000   0.00000   0.00000   0.04926   0.00000   0.00000   1.09432   1.17098   0.89567  
 47 530.4792    150.063116  x:  0.00000   0.00502   0.05366   0.00000   0.04295   0.04210   0.00000   0.00734   0.04120   0.00000   0.02008   0.00000   0.00000   0.00000   0.00000   0.03198   0.02391   0.00000   0.01907   0.10890   0.09767   0.02109   0.00000   0.03498   0.00000   0.14204   0.00000   0.00000   0.02047   0.00000   0.00000   0.00000   0.00356   0.00000   0.00000   0.02059   0.11031   0.05531   0.20750   0.07229   0.00000   0.00000   0.01849   0.02341   0.05492   0.00000   0.03613   0.00646   0.01333   0.03447   0.00000   0.04822   0.04253   0.03936   0.04623   0.00000   0.00000   0.10611   0.00000   0.09327   0.00000   0.03306   0.00000   0.00000   0.05347   0.00000   0.00000   0.00000   0.00000   0.00000   0.02279   0.00000   0.00000   0.00000   0.00000   0.00000   0.00000   0.00000   0.00000   0.00000   0.00000   0.00000   0.04926   0.00000   0.00000   1.09430   1.17098   0.89562  
 48 262.5296    149.981799  x:  0.00000   0.00455   0.05327   0.00000   0.04196   0.04112   0.00000   0.00621   0.04021   0.00000   0.01894   0.00000   0.00000   0.00000   0.00000   0.03088   0.02263   0.00000   0.01800   0.10904   0.09927   0.02126   0.00000   0.03644   0.00000   0.14223   0.00000   0.00000   0.01698   0.00000   0.00000   0.00000   0.00000   0.00000   0.00000   0.02112   0.11045   0.05579   0.20764   0.07230   0.00000   0.00000   0.01838   0.02457   0.05623   0.00000   0.03510   0.00533   0.01223   0.03342   0.00000   0.04728   0.04155   0.03836   0.04522   0.00000   0.00000   0.10620   0.00000   0.09345   0.00000   0.03267   0.00000   0.00000   0.05336   0.00000   0.00000   0.00000   0.00000   0.00000   0.02356   0.00000   0.00000   0.00000   0.00000   0.00000   0.00000   0.00000   0.00000   0.00000   0.00000   0.00000   0.04925   0.00000   0.00000   1.09357   1.17098   0.89391  
 49 1200.1780    149.653591  x:  0.00000   0.00212   0.05115   0.00000   0.03721   0.03642   0.00000   0.00089   0.03543   0.00000   0.01361   0.00000   0.00000   0.00000   0.00000   0.02567   0.01668   0.00000   0.01291   0.10959   0.10774   0.02113   0.00000   0.04433   0.00000   0.14295   0.00000   0.00000   0.00242   0.00000   0.00000   0.00000   0.00000   0.00000   0.00000   0.02296   0.11106   0.05744   0.20815   0.07128   0.00000   0.00000   0.01690   0.02759   0.05984   0.00000   0.03020   0.00000   0.00700   0.02840   0.00000   0.04271   0.03681   0.03356   0.04037   0.00000   0.00000   0.10647   0.00000   0.09411   0.00000   0.03368   0.00000   0.00000   0.05295   0.00000   0.00000   0.00000   0.00000   0.00000   0.02696   0.00000   0.00000   0.00000   0.00000   0.00000   0.00000   0.00000   0.00000   0.00000   0.00000   0.00000   0.04922   0.00000   0.00000   1.09033   1.17098   0.88774  
 50 84.0420    149.620893  x:  0.00000   0.00188   0.05097   0.00000   0.03644   0.03566   0.00000   0.00003   0.03466   0.00000   0.01274   0.00000   0.00000   0.00000   0.00000   0.02483   0.01570   0.00000   0.01208   0.10969   0.10904   0.02110   0.00000   0.04551   0.00000   0.14309   0.00000   0.00000   0.00000   0.00000   0.00000   0.00000   0.00000   0.00000   0.00000   0.02343   0.11117   0.05786   0.20825   0.07136   0.00000   0.00000   0.01689   0.02866   0.06102   0.00000   0.02940   0.00000   0.00615   0.02759   0.00000   0.04198   0.03604   0.03279   0.03959   0.00000   0.00000   0.10652   0.00000   0.09423   0.00000   0.03322   0.00000   0.00000   0.05287   0.00000   0.00000   0.00000   0.00000   0.00000   0.02788   0.00000   0.00000   0.00000   0.00000   0.00000   0.00000   0.00000   0.00000   0.00000   0.00000   0.00000   0.04922   0.00000   0.00000   1.08956   1.17098   0.88630  
 51 153.7510    149.620390  x:  0.00000   0.00187   0.05097   0.00000   0.03642   0.03564   0.00000   0.00000   0.03464   0.00000   0.01272   0.00000   0.00000   0.00000   0.00000   0.02481   0.01568   0.00000   0.01206   0.10970   0.10907   0.02109   0.00000   0.04554   0.00000   0.14309   0.00000   0.00000   0.00000   0.00000   0.00000   0.00000   0.00000   0.00000   0.00000   0.02344   0.11117   0.05787   0.20825   0.07136   0.00000   0.00000   0.01689   0.02869   0.06106   0.00000   0.02938   0.00000   0.00613   0.02757   0.00000   0.04196   0.03602   0.03277   0.03956   0.00000   0.00000   0.10652   0.00000   0.09423   0.00000   0.03319   0.00000   0.00000   0.05287   0.00000   0.00000   0.00000   0.00000   0.00000   0.02791   0.00000   0.00000   0.00000   0.00000   0.00000   0.00000   0.00000   0.00000   0.00000   0.00000   0.00000   0.04922   0.00000   0.00000   1.08954   1.17098   0.88626  
 52 55.0731    149.620390  x:  0.00000   0.00187   0.05097   0.00000   0.03642   0.03564   0.00000   0.00000   0.03464   0.00000   0.01272   0.00000   0.00000   0.00000   0.00000   0.02481   0.01568   0.00000   0.01206   0.10970   0.10907   0.02109   0.00000   0.04554   0.00000   0.14309   0.00000   0.00000   0.00000   0.00000   0.00000   0.00000   0.00000   0.00000   0.00000   0.02344   0.11117   0.05787   0.20825   0.07136   0.00000   0.00000   0.01689   0.02869   0.06106   0.00000   0.02938   0.00000   0.00613   0.02757   0.00000   0.04196   0.03602   0.03277   0.03956   0.00000   0.00000   0.10652   0.00000   0.09423   0.00000   0.03319   0.00000   0.00000   0.05287   0.00000   0.00000   0.00000   0.00000   0.00000   0.02791   0.00000   0.00000   0.00000   0.00000   0.00000   0.00000   0.00000   0.00000   0.00000   0.00000   0.00000   0.04922   0.00000   0.00000   1.08954   1.17098   0.88626  
 53 22.6094    149.032112  x:  0.00000   0.00000   0.04908   0.00000   0.03453   0.03375   0.00000   0.00000   0.03275   0.00000   0.01081   0.00000   0.00000   0.00000   0.00000   0.02291   0.01378   0.00000   0.01015   0.11110   0.10728   0.01925   0.00000   0.04376   0.00000   0.14385   0.00000   0.00000   0.00000   0.00000   0.00000   0.00000   0.00000   0.00000   0.00000   0.02181   0.11283   0.05622   0.20995   0.06937   0.00000   0.00000   0.01491   0.02681   0.05918   0.00000   0.02748   0.00000   0.00423   0.02567   0.00000   0.04006   0.03413   0.03087   0.03767   0.00000   0.00000   0.10800   0.00000   0.09614   0.00000   0.03118   0.00000   0.00000   0.05119   0.00000   0.00000   0.00000   0.00000   0.00000   0.01948   0.00000   0.00000   0.00000   0.00000   0.00000   0.00000   0.00000   0.00000   0.00000   0.00000   0.00000   0.05516   0.00000   0.00000   1.08955   1.17098   0.88651  
 54 41.1135    147.964735  x:  0.00000   0.00000   0.04488   0.00000   0.03033   0.02955   0.00000   0.00000   0.02855   0.00000   0.00660   0.00000   0.00000   0.00000   0.00000   0.01870   0.00956   0.00000   0.00594   0.11387   0.10330   0.01517   0.00000   0.03981   0.00000   0.14542   0.00000   0.00000   0.00000   0.00000   0.00000   0.00000   0.00000   0.00000   0.00000   0.01819   0.11610   0.05256   0.21348   0.06495   0.00000   0.00000   0.01051   0.02264   0.05501   0.00000   0.02328   0.00000   0.00000   0.02147   0.00000   0.03587   0.02993   0.02667   0.03347   0.00000   0.00000   0.11087   0.00000   0.09969   0.00000   0.02671   0.00000   0.00000   0.04940   0.00000   0.00000   0.00000   0.00000   0.00000   0.00073   0.00000   0.00000   0.00000   0.00000   0.00000   0.00000   0.00000   0.00000   0.00000   0.00000   0.00000   0.05466   0.00000   0.00000   1.08960   1.17098   0.88714  
 55 198.7277    147.925293  x:  0.00000   0.00000   0.04472   0.00000   0.03017   0.02939   0.00000   0.00000   0.02838   0.00000   0.00644   0.00000   0.00000   0.00000   0.00000   0.01854   0.00940   0.00000   0.00577   0.11395   0.10314   0.01501   0.00000   0.03965   0.00000   0.14547   0.00000   0.00000   0.00000   0.00000   0.00000   0.00000   0.00000   0.00000   0.00000   0.01805   0.11619   0.05242   0.21360   0.06478   0.00000   0.00000   0.01033   0.02248   0.05485   0.00000   0.02312   0.00000   0.00000   0.02131   0.00000   0.03571   0.02977   0.02651   0.03331   0.00000   0.00000   0.11095   0.00000   0.09977   0.00000   0.02654   0.00000   0.00000   0.04943   0.00000   0.00000   0.00000   0.00000   0.00000   0.00000   0.00000   0.00000   0.00000   0.00000   0.00000   0.00000   0.00000   0.00000   0.00000   0.00000   0.00000   0.05466   0.00000   0.00000   1.08960   1.17098   0.88717  
 56 2357.4122    147.155729  x:  0.00000   0.00000   0.03898   0.00000   0.02442   0.02364   0.00000   0.00000   0.02264   0.00000   0.00067   0.00000   0.00000   0.00000   0.00000   0.01278   0.00363   0.00000   0.00000   0.11550   0.09761   0.00943   0.00000   0.03414   0.00000   0.14675   0.00000   0.00000   0.00000   0.00000   0.00000   0.00000   0.00000   0.00000   0.00000   0.01294   0.11805   0.04728   0.21662   0.05861   0.00000   0.00000   0.00418   0.01672   0.04911   0.00000   0.01736   0.00000   0.00000   0.01555   0.00000   0.02997   0.02402   0.02076   0.02757   0.00000   0.00000   0.11238   0.00000   0.10096   0.00000   0.02041   0.00000   0.00000   0.04838   0.00000   0.00000   0.00000   0.00000   0.00000   0.00000   0.00000   0.00000   0.00000   0.00000   0.00000   0.00000   0.00000   0.00000   0.00000   0.00000   0.00000   0.05459   0.00000   0.00000   1.08987   1.17098   0.88876  
 57 1551.0323    147.070662  x:  0.00000   0.00000   0.03832   0.00000   0.02376   0.02298   0.00000   0.00000   0.02198   0.00000   0.00000   0.00000   0.00000   0.00000   0.00000   0.01212   0.00297   0.00000   0.00000   0.11566   0.09697   0.00879   0.00000   0.03350   0.00000   0.14686   0.00000   0.00000   0.00000   0.00000   0.00000   0.00000   0.00000   0.00000   0.00000   0.01234   0.11824   0.04668   0.21687   0.05789   0.00000   0.00000   0.00346   0.01605   0.04844   0.00000   0.01670   0.00000   0.00000   0.01489   0.00000   0.02931   0.02336   0.02010   0.02691   0.00000   0.00000   0.11254   0.00000   0.10120   0.00000   0.01971   0.00000   0.00000   0.04828   0.00000   0.00000   0.00000   0.00000   0.00000   0.00000   0.00000   0.00000   0.00000   0.00000   0.00000   0.00000   0.00000   0.00000   0.00000   0.00000   0.00000   0.05458   0.00000   0.00000   1.08991   1.17098   0.88902  
 58 7165.5885    146.706396  x:  0.00000   0.00000   0.03536   0.00000   0.02080   0.02002   0.00000   0.00000   0.01902   0.00000   0.00000   0.00000   0.00000   0.00000   0.00000   0.00916   0.00000   0.00000   0.00000   0.11632   0.09410   0.00592   0.00000   0.03064   0.00000   0.14730   0.00000   0.00000   0.00000   0.00000   0.00000   0.00000   0.00000   0.00000   0.00000   0.00967   0.11900   0.04400   0.21797   0.05468   0.00000   0.00000   0.00025   0.01307   0.04547   0.00000   0.01374   0.00000   0.00000   0.01193   0.00000   0.02635   0.02040   0.01714   0.02396   0.00000   0.00000   0.11322   0.00000   0.10239   0.00000   0.01656   0.00000   0.00000   0.04781   0.00000   0.00000   0.00000   0.00000   0.00000   0.00000   0.00000   0.00000   0.00000   0.00000   0.00000   0.00000   0.00000   0.00000   0.00000   0.00000   0.00000   0.05454   0.00000   0.00000   1.09008   1.17098   0.89011  
 59 64073.7403    146.679391  x:  0.00000   0.00000   0.03513   0.00000   0.02057   0.01979   0.00000   0.00000   0.01878   0.00000   0.00000   0.00000   0.00000   0.00000   0.00000   0.00892   0.00000   0.00000   0.00000   0.11642   0.09388   0.00570   0.00000   0.03042   0.00000   0.14729   0.00000   0.00000   0.00000   0.00000   0.00000   0.00000   0.00000   0.00000   0.00000   0.00947   0.11910   0.04379   0.21794   0.05443   0.00000   0.00000   0.00000   0.01284   0.04524   0.00000   0.01351   0.00000   0.00000   0.01170   0.00000   0.02612   0.02017   0.01691   0.02372   0.00000   0.00000   0.11334   0.00000   0.10244   0.00000   0.01631   0.00000   0.00000   0.04777   0.00000   0.00000   0.00000   0.00000   0.00000   0.00000   0.00000   0.00000   0.00000   0.00000   0.00000   0.00000   0.00000   0.00000   0.00000   0.00000   0.00000   0.05454   0.00000   0.00000   1.09009   1.17098   0.89015  
 60 581.6575    146.028231  x:  0.00000   0.00000   0.02923   0.00000   0.01467   0.01389   0.00000   0.00000   0.01288   0.00000   0.00000   0.00000   0.00000   0.00000   0.00000   0.00301   0.00000   0.00000   0.00000   0.11780   0.08827   0.00000   0.00000   0.02480   0.00000   0.14847   0.00000   0.00000   0.00000   0.00000   0.00000   0.00000   0.00000   0.00000   0.00000   0.00436   0.12117   0.03863   0.21990   0.04814   0.00000   0.00000   0.00000   0.00692   0.03934   0.00000   0.00760   0.00000   0.00000   0.00578   0.00000   0.02022   0.01427   0.01100   0.01782   0.00000   0.00000   0.11358   0.00000   0.10459   0.00000   0.00991   0.00000   0.00000   0.04696   0.00000   0.00000   0.00000   0.00000   0.00000   0.00000   0.00000   0.00000   0.00000   0.00000   0.00000   0.00000   0.00000   0.00000   0.00000   0.00000   0.00000   0.05448   0.00000   0.00000   1.09031   1.17098   0.89091  
 61 340.8567    145.713030  x:  0.00000   0.00000   0.02624   0.00000   0.01167   0.01089   0.00000   0.00000   0.00988   0.00000   0.00000   0.00000   0.00000   0.00000   0.00000   0.00000   0.00000   0.00000   0.00000   0.11809   0.08540   0.00000   0.00000   0.02193   0.00000   0.14893   0.00000   0.00000   0.00000   0.00000   0.00000   0.00000   0.00000   0.00000   0.00000   0.00174   0.12112   0.03600   0.22131   0.04515   0.00000   0.00000   0.00000   0.00390   0.03633   0.00000   0.00460   0.00000   0.00000   0.00278   0.00000   0.01723   0.01127   0.00800   0.01483   0.00000   0.00000   0.11505   0.00000   0.10557   0.00000   0.00664   0.00000   0.00000   0.04655   0.00000   0.00000   0.00000   0.00000   0.00000   0.00000   0.00000   0.00000   0.00000   0.00000   0.00000   0.00000   0.00000   0.00000   0.00000   0.00000   0.00000   0.05445   0.00000   0.00000   1.09042   1.17098   0.89137  
 62 1042.5414    145.523037  x:  0.00000   0.00000   0.02429   0.00000   0.00973   0.00894   0.00000   0.00000   0.00794   0.00000   0.00000   0.00000   0.00000   0.00000   0.00000   0.00000   0.00000   0.00000   0.00000   0.11865   0.08351   0.00000   0.00000   0.02004   0.00000   0.14869   0.00000   0.00000   0.00000   0.00000   0.00000   0.00000   0.00000   0.00000   0.00000   0.00000   0.12153   0.03425   0.22204   0.04396   0.00000   0.00000   0.00000   0.00191   0.03434   0.00000   0.00265   0.00000   0.00000   0.00083   0.00000   0.01529   0.00932   0.00605   0.01288   0.00000   0.00000   0.11537   0.00000   0.10615   0.00000   0.00448   0.00000   0.00000   0.04632   0.00000   0.00000   0.00000   0.00000   0.00000   0.00000   0.00000   0.00000   0.00000   0.00000   0.00000   0.00000   0.00000   0.00000   0.00000   0.00000   0.00000   0.05444   0.00000   0.00000   1.09052   1.17098   0.89178  
 63 246.6336    145.446138  x:  0.00000   0.00000   0.02346   0.00000   0.00890   0.00812   0.00000   0.00000   0.00711   0.00000   0.00000   0.00000   0.00000   0.00000   0.00000   0.00000   0.00000   0.00000   0.00000   0.11877   0.08270   0.00000   0.00000   0.01922   0.00000   0.14882   0.00000   0.00000   0.00000   0.00000   0.00000   0.00000   0.00000   0.00000   0.00000   0.00000   0.12176   0.03351   0.22223   0.04349   0.00000   0.00000   0.00000   0.00106   0.03350   0.00000   0.00182   0.00000   0.00000   0.00000   0.00000   0.01446   0.00850   0.00523   0.01205   0.00000   0.00000   0.11555   0.00000   0.10639   0.00000   0.00356   0.00000   0.00000   0.04622   0.00000   0.00000   0.00000   0.00000   0.00000   0.00000   0.00000   0.00000   0.00000   0.00000   0.00000   0.00000   0.00000   0.00000   0.00000   0.00000   0.00000   0.05443   0.00000   0.00000   1.09057   1.17098   0.89196  
 64 2727.7302    145.357993  x:  0.00000   0.00000   0.02245   0.00000   0.00789   0.00710   0.00000   0.00000   0.00610   0.00000   0.00000   0.00000   0.00000   0.00000   0.00000   0.00000   0.00000   0.00000   0.00000   0.11922   0.08168   0.00000   0.00000   0.01820   0.00000   0.14905   0.00000   0.00000   0.00000   0.00000   0.00000   0.00000   0.00000   0.00000   0.00000   0.00000   0.12179   0.03274   0.22243   0.04302   0.00000   0.00000   0.00000   0.00000   0.03244   0.00000   0.00080   0.00000   0.00000   0.00000   0.00000   0.01345   0.00748   0.00421   0.01104   0.00000   0.00000   0.11569   0.00000   0.10667   0.00000   0.00243   0.00000   0.00000   0.04610   0.00000   0.00000   0.00000   0.00000   0.00000   0.00000   0.00000   0.00000   0.00000   0.00000   0.00000   0.00000   0.00000   0.00000   0.00000   0.00000   0.00000   0.05442   0.00000   0.00000   1.09063   1.17098   0.89217  
 65 870.1792    145.293969  x:  0.00000   0.00000   0.02165   0.00000   0.00709   0.00631   0.00000   0.00000   0.00530   0.00000   0.00000   0.00000   0.00000   0.00000   0.00000   0.00000   0.00000   0.00000   0.00000   0.11936   0.08085   0.00000   0.00000   0.01738   0.00000   0.14905   0.00000   0.00000   0.00000   0.00000   0.00000   0.00000   0.00000   0.00000   0.00000   0.00000   0.12196   0.03224   0.22265   0.04268   0.00000   0.00000   0.00000   0.00000   0.03160   0.00000   0.00000   0.00000   0.00000   0.00000   0.00000   0.01265   0.00669   0.00342   0.01024   0.00000   0.00000   0.11583   0.00000   0.10687   0.00000   0.00153   0.00000   0.00000   0.04602   0.00000   0.00000   0.00000   0.00000   0.00000   0.00000   0.00000   0.00000   0.00000   0.00000   0.00000   0.00000   0.00000   0.00000   0.00000   0.00000   0.00000   0.05442   0.00000   0.00000   1.09068   1.17098   0.89233  
 66 1089.3592    145.194337  x:  0.00000   0.00000   0.02029   0.00000   0.00574   0.00495   0.00000   0.00000   0.00394   0.00000   0.00000   0.00000   0.00000   0.00000   0.00000   0.00000   0.00000   0.00000   0.00000   0.11961   0.07937   0.00000   0.00000   0.01590   0.00000   0.14913   0.00000   0.00000   0.00000   0.00000   0.00000   0.00000   0.00000   0.00000   0.00000   0.00000   0.12219   0.03171   0.22295   0.04213   0.00000   0.00000   0.00000   0.00000   0.03036   0.00000   0.00000   0.00000   0.00000   0.00000   0.00000   0.01130   0.00533   0.00206   0.00888   0.00000   0.00000   0.11603   0.00000   0.10720   0.00000   0.00000   0.00000   0.00000   0.04589   0.00000   0.00000   0.00000   0.00000   0.00000   0.00000   0.00000   0.00000   0.00000   0.00000   0.00000   0.00000   0.00000   0.00000   0.00000   0.00000   0.00000   0.05441   0.00000   0.00000   1.09074   1.17098   0.89255  
 67 460.2605    145.056795  x:  0.00000   0.00000   0.01824   0.00000   0.00368   0.00289   0.00000   0.00000   0.00189   0.00000   0.00000   0.00000   0.00000   0.00000   0.00000   0.00000   0.00000   0.00000   0.00000   0.12000   0.07702   0.00000   0.00000   0.01355   0.00000   0.14925   0.00000   0.00000   0.00000   0.00000   0.00000   0.00000   0.00000   0.00000   0.00000   0.00000   0.12253   0.03096   0.22341   0.04130   0.00000   0.00000   0.00000   0.00000   0.02859   0.00000   0.00000   0.00000   0.00000   0.00000   0.00000   0.00925   0.00328   0.00000   0.00683   0.00000   0.00000   0.11634   0.00000   0.10768   0.00000   0.00000   0.00000   0.00000   0.04570   0.00000   0.00000   0.00000   0.00000   0.00000   0.00000   0.00000   0.00000   0.00000   0.00000   0.00000   0.00000   0.00000   0.00000   0.00000   0.00000   0.00000   0.05440   0.00000   0.00000   1.09083   1.17098   0.89288  
 68 2297.5655    144.940396  x:  0.00000   0.00000   0.01635   0.00000   0.00180   0.00101   0.00000   0.00000   0.00000   0.00000   0.00000   0.00000   0.00000   0.00000   0.00000   0.00000   0.00000   0.00000   0.00000   0.12033   0.07479   0.00000   0.00000   0.01132   0.00000   0.14935   0.00000   0.00000   0.00000   0.00000   0.00000   0.00000   0.00000   0.00000   0.00000   0.00000   0.12283   0.03029   0.22380   0.04052   0.00000   0.00000   0.00000   0.00000   0.02700   0.00000   0.00000   0.00000   0.00000   0.00000   0.00000   0.00736   0.00139   0.00000   0.00494   0.00000   0.00000   0.11661   0.00000   0.10810   0.00000   0.00000   0.00000   0.00000   0.04554   0.00000   0.00000   0.00000   0.00000   0.00000   0.00000   0.00000   0.00000   0.00000   0.00000   0.00000   0.00000   0.00000   0.00000   0.00000   0.00000   0.00000   0.05439   0.00000   0.00000   1.09098   1.17098   0.89307  
 69 1106.8676    144.883058  x:  0.00000   0.00000   0.01534   0.00000   0.00079   0.00000   0.00000   0.00000   0.00000   0.00000   0.00000   0.00000   0.00000   0.00000   0.00000   0.00000   0.00000   0.00000   0.00000   0.12051   0.07353   0.00000   0.00000   0.01007   0.00000   0.14940   0.00000   0.00000   0.00000   0.00000   0.00000   0.00000   0.00000   0.00000   0.00000   0.00000   0.12298   0.02992   0.22401   0.04009   0.00000   0.00000   0.00000   0.00000   0.02615   0.00000   0.00000   0.00000   0.00000   0.00000   0.00000   0.00636   0.00039   0.00000   0.00393   0.00000   0.00000   0.11676   0.00000   0.10832   0.00000   0.00000   0.00000   0.00000   0.04545   0.00000   0.00000   0.00000   0.00000   0.00000   0.00000   0.00000   0.00000   0.00000   0.00000   0.00000   0.00000   0.00000   0.00000   0.00000   0.00000   0.00000   0.05438   0.00000   0.00000   1.09104   1.17098   0.89314  
 70 732.0347    144.863129  x:  0.00000   0.00000   0.01496   0.00000   0.00041   0.00000   0.00000   0.00000   0.00000   0.00000   0.00000   0.00000   0.00000   0.00000   0.00000   0.00000   0.00000   0.00000   0.00000   0.12058   0.07304   0.00000   0.00000   0.00957   0.00000   0.14942   0.00000   0.00000   0.00000   0.00000   0.00000   0.00000   0.00000   0.00000   0.00000   0.00000   0.12304   0.02977   0.22408   0.03992   0.00000   0.00000   0.00000   0.00000   0.02583   0.00000   0.00000   0.00000   0.00000   0.00000   0.00000   0.00598   0.00000   0.00000   0.00355   0.00000   0.00000   0.11681   0.00000   0.10840   0.00000   0.00000   0.00000   0.00000   0.04542   0.00000   0.00000   0.00000   0.00000   0.00000   0.00000   0.00000   0.00000   0.00000   0.00000   0.00000   0.00000   0.00000   0.00000   0.00000   0.00000   0.00000   0.05438   0.00000   0.00000   1.09105   1.17098   0.89314  
 71 710.1849    144.843851  x:  0.00000   0.00000   0.01455   0.00000   0.00000   0.00000   0.00000   0.00000   0.00000   0.00000   0.00000   0.00000   0.00000   0.00000   0.00000   0.00000   0.00000   0.00000   0.00000   0.12065   0.07249   0.00000   0.00000   0.00902   0.00000   0.14944   0.00000   0.00000   0.00000   0.00000   0.00000   0.00000   0.00000   0.00000   0.00000   0.00000   0.12310   0.02961   0.22416   0.03973   0.00000   0.00000   0.00000   0.00000   0.02549   0.00000   0.00000   0.00000   0.00000   0.00000   0.00000   0.00557   0.00000   0.00000   0.00314   0.00000   0.00000   0.11686   0.00000   0.10849   0.00000   0.00000   0.00000   0.00000   0.04539   0.00000   0.00000   0.00000   0.00000   0.00000   0.00000   0.00000   0.00000   0.00000   0.00000   0.00000   0.00000   0.00000   0.00000   0.00000   0.00000   0.00000   0.05438   0.00000   0.00000   1.09107   1.17098   0.89313  
 72 729.1587    144.709923  x:  0.00000   0.00000   0.01141   0.00000   0.00000   0.00000   0.00000   0.00000   0.00000   0.00000   0.00000   0.00000   0.00000   0.00000   0.00000   0.00000   0.00000   0.00000   0.00000   0.12116   0.06808   0.00000   0.00000   0.00462   0.00000   0.14957   0.00000   0.00000   0.00000   0.00000   0.00000   0.00000   0.00000   0.00000   0.00000   0.00000   0.12352   0.02830   0.22472   0.03823   0.00000   0.00000   0.00000   0.00000   0.02277   0.00000   0.00000   0.00000   0.00000   0.00000   0.00000   0.00244   0.00000   0.00000   0.00000   0.00000   0.00000   0.11726   0.00000   0.10913   0.00000   0.00000   0.00000   0.00000   0.04515   0.00000   0.00000   0.00000   0.00000   0.00000   0.00000   0.00000   0.00000   0.00000   0.00000   0.00000   0.00000   0.00000   0.00000   0.00000   0.00000   0.00000   0.05436   0.00000   0.00000   1.09113   1.17098   0.89289  
 73 678.4376    144.617628  x:  0.00000   0.00000   0.00897   0.00000   0.00000   0.00000   0.00000   0.00000   0.00000   0.00000   0.00000   0.00000   0.00000   0.00000   0.00000   0.00000   0.00000   0.00000   0.00000   0.12155   0.06456   0.00000   0.00000   0.00110   0.00000   0.14967   0.00000   0.00000   0.00000   0.00000   0.00000   0.00000   0.00000   0.00000   0.00000   0.00000   0.12385   0.02725   0.22515   0.03703   0.00000   0.00000   0.00000   0.00000   0.02063   0.00000   0.00000   0.00000   0.00000   0.00000   0.00000   0.00000   0.00000   0.00000   0.00000   0.00000   0.00000   0.11756   0.00000   0.10961   0.00000   0.00000   0.00000   0.00000   0.04497   0.00000   0.00000   0.00000   0.00000   0.00000   0.00000   0.00000   0.00000   0.00000   0.00000   0.00000   0.00000   0.00000   0.00000   0.00000   0.00000   0.00000   0.05435   0.00000   0.00000   1.09116   1.17098   0.89262  
 74 599.9515    144.593122  x:  0.00000   0.00000   0.00823   0.00000   0.00000   0.00000   0.00000   0.00000   0.00000   0.00000   0.00000   0.00000   0.00000   0.00000   0.00000   0.00000   0.00000   0.00000   0.00000   0.12167   0.06346   0.00000   0.00000   0.00000   0.00000   0.14969   0.00000   0.00000   0.00000   0.00000   0.00000   0.00000   0.00000   0.00000   0.00000   0.00000   0.12394   0.02691   0.22527   0.03665   0.00000   0.00000   0.00000   0.00000   0.01997   0.00000   0.00000   0.00000   0.00000   0.00000   0.00000   0.00000   0.00000   0.00000   0.00000   0.00000   0.00000   0.11765   0.00000   0.10975   0.00000   0.00000   0.00000   0.00000   0.04491   0.00000   0.00000   0.00000   0.00000   0.00000   0.00000   0.00000   0.00000   0.00000   0.00000   0.00000   0.00000   0.00000   0.00000   0.00000   0.00000   0.00000   0.05435   0.00000   0.00000   1.09116   1.17098   0.89250  
 75 505.8606    144.388966  x:  0.00000   0.00000   0.00000   0.00000   0.00000   0.00000   0.00000   0.00000   0.00000   0.00000   0.00000   0.00000   0.00000   0.00000   0.00000   0.00000   0.00000   0.00000   0.00000   0.12256   0.05116   0.00000   0.00000   0.00000   0.00000   0.14987   0.00000   0.00000   0.00000   0.00000   0.00000   0.00000   0.00000   0.00000   0.00000   0.00000   0.12465   0.02328   0.22622   0.03192   0.00000   0.00000   0.00000   0.00000   0.01281   0.00000   0.00000   0.00000   0.00000   0.00000   0.00000   0.00000   0.00000   0.00000   0.00000   0.00000   0.00000   0.11836   0.00000   0.11085   0.00000   0.00000   0.00000   0.00000   0.04452   0.00000   0.00000   0.00000   0.00000   0.00000   0.00000   0.00000   0.00000   0.00000   0.00000   0.00000   0.00000   0.00000   0.00000   0.00000   0.00000   0.00000   0.05433   0.00000   0.00000   1.09111   1.17098   0.89117  
 76 48.5150    144.142313  x:  0.00000   0.00000   0.00000   0.00000   0.00000   0.00000   0.00000   0.00000   0.00000   0.00000   0.00000   0.00000   0.00000   0.00000   0.00000   0.00000   0.00000   0.00000   0.00000   0.12364   0.03637   0.00000   0.00000   0.00000   0.00000   0.15009   0.00000   0.00000   0.00000   0.00000   0.00000   0.00000   0.00000   0.00000   0.00000   0.00000   0.12550   0.01726   0.22737   0.02213   0.00000   0.00000   0.00000   0.00000   0.00000   0.00000   0.00000   0.00000   0.00000   0.00000   0.00000   0.00000   0.00000   0.00000   0.00000   0.00000   0.00000   0.11921   0.00000   0.11204   0.00000   0.00000   0.00000   0.00000   0.04408   0.00000   0.00000   0.00000   0.00000   0.00000   0.00000   0.00000   0.00000   0.00000   0.00000   0.00000   0.00000   0.00000   0.00000   0.00000   0.00000   0.00000   0.05432   0.00000   0.00000   1.09113   1.17098   0.89062  
 77 31.1596    143.802169  x:  0.00000   0.00000   0.00000   0.00000   0.00000   0.00000   0.00000   0.00000   0.00000   0.00000   0.00000   0.00000   0.00000   0.00000   0.00000   0.00000   0.00000   0.00000   0.00000   0.12528   0.01149   0.00000   0.00000   0.00000   0.00000   0.15016   0.00000   0.00000   0.00000   0.00000   0.00000   0.00000   0.00000   0.00000   0.00000   0.00000   0.12683   0.00470   0.22906   0.00000   0.00000   0.00000   0.00000   0.00000   0.00000   0.00000   0.00000   0.00000   0.00000   0.00000   0.00000   0.00000   0.00000   0.00000   0.00000   0.00000   0.00000   0.12057   0.00000   0.11394   0.00000   0.00000   0.00000   0.00000   0.04342   0.00000   0.00000   0.00000   0.00000   0.00000   0.00000   0.00000   0.00000   0.00000   0.00000   0.00000   0.00000   0.00000   0.00000   0.00000   0.00000   0.00000   0.05431   0.00000   0.00000   1.09101   1.17098   0.88963  
 78 69.8567    143.737833  x:  0.00000   0.00000   0.00000   0.00000   0.00000   0.00000   0.00000   0.00000   0.00000   0.00000   0.00000   0.00000   0.00000   0.00000   0.00000   0.00000   0.00000   0.00000   0.00000   0.12567   0.00456   0.00000   0.00000   0.00000   0.00000   0.15010   0.00000   0.00000   0.00000   0.00000   0.00000   0.00000   0.00000   0.00000   0.00000   0.00000   0.12711   0.00000   0.22957   0.00000   0.00000   0.00000   0.00000   0.00000   0.00000   0.00000   0.00000   0.00000   0.00000   0.00000   0.00000   0.00000   0.00000   0.00000   0.00000   0.00000   0.00000   0.12085   0.00000   0.11439   0.00000   0.00000   0.00000   0.00000   0.04327   0.00000   0.00000   0.00000   0.00000   0.00000   0.00000   0.00000   0.00000   0.00000   0.00000   0.00000   0.00000   0.00000   0.00000   0.00000   0.00000   0.00000   0.05431   0.00000   0.00000   1.09088   1.17098   0.88938  
 79 30.1902    143.710761  x:  0.00000   0.00000   0.00000   0.00000   0.00000   0.00000   0.00000   0.00000   0.00000   0.00000   0.00000   0.00000   0.00000   0.00000   0.00000   0.00000   0.00000   0.00000   0.00000   0.12586   0.00000   0.00000   0.00000   0.00000   0.00000   0.15017   0.00000   0.00000   0.00000   0.00000   0.00000   0.00000   0.00000   0.00000   0.00000   0.00000   0.12729   0.00000   0.22981   0.00000   0.00000   0.00000   0.00000   0.00000   0.00000   0.00000   0.00000   0.00000   0.00000   0.00000   0.00000   0.00000   0.00000   0.00000   0.00000   0.00000   0.00000   0.12102   0.00000   0.11465   0.00000   0.00000   0.00000   0.00000   0.04319   0.00000   0.00000   0.00000   0.00000   0.00000   0.00000   0.00000   0.00000   0.00000   0.00000   0.00000   0.00000   0.00000   0.00000   0.00000   0.00000   0.00000   0.05431   0.00000   0.00000   1.09092   1.17098   0.88918  
 80 30.2905    142.647948  x:  0.00000   0.00000   0.00000   0.00000   0.00000   0.00000   0.00000   0.00000   0.00000   0.00000   0.00000   0.00000   0.00000   0.00000   0.00000   0.00000   0.00000   0.00000   0.00000   0.18856   0.00000   0.00000   0.00000   0.00000   0.00000   0.22938   0.00000   0.00000   0.00000   0.00000   0.00000   0.00000   0.00000   0.00000   0.00000   0.00000   0.22407   0.00000   0.38715   0.00000   0.00000   0.00000   0.00000   0.00000   0.00000   0.00000   0.00000   0.00000   0.00000   0.00000   0.00000   0.00000   0.00000   0.00000   0.00000   0.00000   0.00000   0.17808   0.00000   0.13544   0.00000   0.00000   0.00000   0.00000   0.02839   0.00000   0.00000   0.00000   0.00000   0.00000   0.00000   0.00000   0.00000   0.00000   0.00000   0.00000   0.00000   0.00000   0.00000   0.00000   0.00000   0.00000   0.06465   0.00000   0.00000   1.29058   1.17098   1.63277  
 81  1.1411    142.478670  x:  0.00000   0.00000   0.00000   0.00000   0.00000   0.00000   0.00000   0.00000   0.00000   0.00000   0.00000   0.00000   0.00000   0.00000   0.00000   0.00000   0.00000   0.00000   0.00000   0.19512   0.00000   0.00000   0.00000   0.00000   0.00000   0.21217   0.00000   0.00000   0.00000   0.00000   0.00000   0.00000   0.00000   0.00000   0.00000   0.00000   0.23002   0.00000   0.41205   0.00000   0.00000   0.00000   0.00000   0.00000   0.00000   0.00000   0.00000   0.00000   0.00000   0.00000   0.00000   0.00000   0.00000   0.00000   0.00000   0.00000   0.00000   0.18690   0.00000   0.16680   0.00000   0.00000   0.00000   0.00000   0.04852   0.00000   0.00000   0.00000   0.00000   0.00000   0.00000   0.00000   0.00000   0.00000   0.00000   0.00000   0.00000   0.00000   0.00000   0.00000   0.00000   0.00000   0.07447   0.00000   0.00000   1.23873   1.17098   1.66901  
 82  0.0986    142.442503  x:  0.00000   0.00000   0.00000   0.00000   0.00000   0.00000   0.00000   0.00000   0.00000   0.00000   0.00000   0.00000   0.00000   0.00000   0.00000   0.00000   0.00000   0.00000   0.00000   0.19113   0.00000   0.00000   0.00000   0.00000   0.00000   0.19416   0.00000   0.00000   0.00000   0.00000   0.00000   0.00000   0.00000   0.00000   0.00000   0.00000   0.22842   0.00000   0.41496   0.00000   0.00000   0.00000   0.00000   0.00000   0.00000   0.00000   0.00000   0.00000   0.00000   0.00000   0.00000   0.00000   0.00000   0.00000   0.00000   0.00000   0.00000   0.18642   0.00000   0.18411   0.00000   0.00000   0.00000   0.00000   0.04411   0.00000   0.00000   0.00000   0.00000   0.00000   0.00000   0.00000   0.00000   0.00000   0.00000   0.00000   0.00000   0.00000   0.00000   0.00000   0.00000   0.00000   0.08064   0.00000   0.00000   1.09519   1.17098   1.73021  
 83  0.1469    142.434000  x:  0.00000   0.00000   0.00000   0.00000   0.00000   0.00000   0.00000   0.00000   0.00000   0.00000   0.00000   0.00000   0.00000   0.00000   0.00000   0.00000   0.00000   0.00000   0.00000   0.18802   0.00000   0.00000   0.00000   0.00000   0.00000   0.19260   0.00000   0.00000   0.00000   0.00000   0.00000   0.00000   0.00000   0.00000   0.00000   0.00000   0.22786   0.00000   0.41746   0.00000   0.00000   0.00000   0.00000   0.00000   0.00000   0.00000   0.00000   0.00000   0.00000   0.00000   0.00000   0.00000   0.00000   0.00000   0.00000   0.00000   0.00000   0.18656   0.00000   0.19057   0.00000   0.00000   0.00000   0.00000   0.04167   0.00000   0.00000   0.00000   0.00000   0.00000   0.00000   0.00000   0.00000   0.00000   0.00000   0.00000   0.00000   0.00000   0.00000   0.00000   0.00000   0.00000   0.08365   0.00000   0.00000   1.17423   1.17098   1.76895  
 84  0.0730    142.431196  x:  0.00000   0.00000   0.00000   0.00000   0.00000   0.00000   0.00000   0.00000   0.00000   0.00000   0.00000   0.00000   0.00000   0.00000   0.00000   0.00000   0.00000   0.00000   0.00000   0.18387   0.00000   0.00000   0.00000   0.00000   0.00000   0.20203   0.00000   0.00000   0.00000   0.00000   0.00000   0.00000   0.00000   0.00000   0.00000   0.00000   0.22665   0.00000   0.41888   0.00000   0.00000   0.00000   0.00000   0.00000   0.00000   0.00000   0.00000   0.00000   0.00000   0.00000   0.00000   0.00000   0.00000   0.00000   0.00000   0.00000   0.00000   0.18571   0.00000   0.18855   0.00000   0.00000   0.00000   0.00000   0.04151   0.00000   0.00000   0.00000   0.00000   0.00000   0.00000   0.00000   0.00000   0.00000   0.00000   0.00000   0.00000   0.00000   0.00000   0.00000   0.00000   0.00000   0.08522   0.00000   0.00000   1.15497   1.17098   1.84339  
 85  0.0261    142.428280  x:  0.00000   0.00000   0.00000   0.00000   0.00000   0.00000   0.00000   0.00000   0.00000   0.00000   0.00000   0.00000   0.00000   0.00000   0.00000   0.00000   0.00000   0.00000   0.00000   0.18333   0.00000   0.00000   0.00000   0.00000   0.00000   0.19364   0.00000   0.00000   0.00000   0.00000   0.00000   0.00000   0.00000   0.00000   0.00000   0.00000   0.22213   0.00000   0.41967   0.00000   0.00000   0.00000   0.00000   0.00000   0.00000   0.00000   0.00000   0.00000   0.00000   0.00000   0.00000   0.00000   0.00000   0.00000   0.00000   0.00000   0.00000   0.18296   0.00000   0.18390   0.00000   0.00000   0.00000   0.00000   0.04283   0.00000   0.00000   0.00000   0.00000   0.00000   0.00000   0.00000   0.00000   0.00000   0.00000   0.00000   0.00000   0.00000   0.00000   0.00000   0.00000   0.00000   0.08481   0.00000   0.00000   1.16635   1.17098   1.93990  
 86  0.0287    142.427633  x:  0.00000   0.00000   0.00000   0.00000   0.00000   0.00000   0.00000   0.00000   0.00000   0.00000   0.00000   0.00000   0.00000   0.00000   0.00000   0.00000   0.00000   0.00000   0.00000   0.18287   0.00000   0.00000   0.00000   0.00000   0.00000   0.19400   0.00000   0.00000   0.00000   0.00000   0.00000   0.00000   0.00000   0.00000   0.00000   0.00000   0.22086   0.00000   0.41427   0.00000   0.00000   0.00000   0.00000   0.00000   0.00000   0.00000   0.00000   0.00000   0.00000   0.00000   0.00000   0.00000   0.00000   0.00000   0.00000   0.00000   0.00000   0.18293   0.00000   0.18500   0.00000   0.00000   0.00000   0.00000   0.04188   0.00000   0.00000   0.00000   0.00000   0.00000   0.00000   0.00000   0.00000   0.00000   0.00000   0.00000   0.00000   0.00000   0.00000   0.00000   0.00000   0.00000   0.08415   0.00000   0.00000   1.16380   1.17098   1.97857  
 87  0.0189    142.427561  x:  0.00000   0.00000   0.00000   0.00000   0.00000   0.00000   0.00000   0.00000   0.00000   0.00000   0.00000   0.00000   0.00000   0.00000   0.00000   0.00000   0.00000   0.00000   0.00000   0.18350   0.00000   0.00000   0.00000   0.00000   0.00000   0.19437   0.00000   0.00000   0.00000   0.00000   0.00000   0.00000   0.00000   0.00000   0.00000   0.00000   0.22140   0.00000   0.41291   0.00000   0.00000   0.00000   0.00000   0.00000   0.00000   0.00000   0.00000   0.00000   0.00000   0.00000   0.00000   0.00000   0.00000   0.00000   0.00000   0.00000   0.00000   0.18349   0.00000   0.18541   0.00000   0.00000   0.00000   0.00000   0.04220   0.00000   0.00000   0.00000   0.00000   0.00000   0.00000   0.00000   0.00000   0.00000   0.00000   0.00000   0.00000   0.00000   0.00000   0.00000   0.00000   0.00000   0.08384   0.00000   0.00000   1.16450   1.17098   1.98264  
 88  0.0030    142.427555  x:  0.00000   0.00000   0.00000   0.00000   0.00000   0.00000   0.00000   0.00000   0.00000   0.00000   0.00000   0.00000   0.00000   0.00000   0.00000   0.00000   0.00000   0.00000   0.00000   0.18355   0.00000   0.00000   0.00000   0.00000   0.00000   0.19415   0.00000   0.00000   0.00000   0.00000   0.00000   0.00000   0.00000   0.00000   0.00000   0.00000   0.22175   0.00000   0.41284   0.00000   0.00000   0.00000   0.00000   0.00000   0.00000   0.00000   0.00000   0.00000   0.00000   0.00000   0.00000   0.00000   0.00000   0.00000   0.00000   0.00000   0.00000   0.18364   0.00000   0.18577   0.00000   0.00000   0.00000   0.00000   0.04219   0.00000   0.00000   0.00000   0.00000   0.00000   0.00000   0.00000   0.00000   0.00000   0.00000   0.00000   0.00000   0.00000   0.00000   0.00000   0.00000   0.00000   0.08396   0.00000   0.00000   1.16395   1.17098   1.98411  
 89  0.0011    142.427554  x:  0.00000   0.00000   0.00000   0.00000   0.00000   0.00000   0.00000   0.00000   0.00000   0.00000   0.00000   0.00000   0.00000   0.00000   0.00000   0.00000   0.00000   0.00000   0.00000   0.18353   0.00000   0.00000   0.00000   0.00000   0.00000   0.19421   0.00000   0.00000   0.00000   0.00000   0.00000   0.00000   0.00000   0.00000   0.00000   0.00000   0.22191   0.00000   0.41278   0.00000   0.00000   0.00000   0.00000   0.00000   0.00000   0.00000   0.00000   0.00000   0.00000   0.00000   0.00000   0.00000   0.00000   0.00000   0.00000   0.00000   0.00000   0.18361   0.00000   0.18563   0.00000   0.00000   0.00000   0.00000   0.04219   0.00000   0.00000   0.00000   0.00000   0.00000   0.00000   0.00000   0.00000   0.00000   0.00000   0.00000   0.00000   0.00000   0.00000   0.00000   0.00000   0.00000   0.08397   0.00000   0.00000   1.16399   1.17098   1.98486  
 90  0.0004    142.427554  x:  0.00000   0.00000   0.00000   0.00000   0.00000   0.00000   0.00000   0.00000   0.00000   0.00000   0.00000   0.00000   0.00000   0.00000   0.00000   0.00000   0.00000   0.00000   0.00000   0.18354   0.00000   0.00000   0.00000   0.00000   0.00000   0.19417   0.00000   0.00000   0.00000   0.00000   0.00000   0.00000   0.00000   0.00000   0.00000   0.00000   0.22194   0.00000   0.41275   0.00000   0.00000   0.00000   0.00000   0.00000   0.00000   0.00000   0.00000   0.00000   0.00000   0.00000   0.00000   0.00000   0.00000   0.00000   0.00000   0.00000   0.00000   0.18360   0.00000   0.18562   0.00000   0.00000   0.00000   0.00000   0.04219   0.00000   0.00000   0.00000   0.00000   0.00000   0.00000   0.00000   0.00000   0.00000   0.00000   0.00000   0.00000   0.00000   0.00000   0.00000   0.00000   0.00000   0.08396   0.00000   0.00000   1.16399   1.17098   1.98460  
 91  0.0002    142.427554  x:  0.00000   0.00000   0.00000   0.00000   0.00000   0.00000   0.00000   0.00000   0.00000   0.00000   0.00000   0.00000   0.00000   0.00000   0.00000   0.00000   0.00000   0.00000   0.00000   0.18354   0.00000   0.00000   0.00000   0.00000   0.00000   0.19417   0.00000   0.00000   0.00000   0.00000   0.00000   0.00000   0.00000   0.00000   0.00000   0.00000   0.22194   0.00000   0.41274   0.00000   0.00000   0.00000   0.00000   0.00000   0.00000   0.00000   0.00000   0.00000   0.00000   0.00000   0.00000   0.00000   0.00000   0.00000   0.00000   0.00000   0.00000   0.18359   0.00000   0.18563   0.00000   0.00000   0.00000   0.00000   0.04219   0.00000   0.00000   0.00000   0.00000   0.00000   0.00000   0.00000   0.00000   0.00000   0.00000   0.00000   0.00000   0.00000   0.00000   0.00000   0.00000   0.00000   0.08396   0.00000   0.00000   1.16398   1.17098   1.98453  
 92  0.0000    142.427554  x:  0.00000   0.00000   0.00000   0.00000   0.00000   0.00000   0.00000   0.00000   0.00000   0.00000   0.00000   0.00000   0.00000   0.00000   0.00000   0.00000   0.00000   0.00000   0.00000   0.18354   0.00000   0.00000   0.00000   0.00000   0.00000   0.19417   0.00000   0.00000   0.00000   0.00000   0.00000   0.00000   0.00000   0.00000   0.00000   0.00000   0.22194   0.00000   0.41274   0.00000   0.00000   0.00000   0.00000   0.00000   0.00000   0.00000   0.00000   0.00000   0.00000   0.00000   0.00000   0.00000   0.00000   0.00000   0.00000   0.00000   0.00000   0.18359   0.00000   0.18563   0.00000   0.00000   0.00000   0.00000   0.04219   0.00000   0.00000   0.00000   0.00000   0.00000   0.00000   0.00000   0.00000   0.00000   0.00000   0.00000   0.00000   0.00000   0.00000   0.00000   0.00000   0.00000   0.08396   0.00000   0.00000   1.16398   1.17098   1.98455  
 93  0.0000    142.427554  x:  0.00000   0.00000   0.00000   0.00000   0.00000   0.00000   0.00000   0.00000   0.00000   0.00000   0.00000   0.00000   0.00000   0.00000   0.00000   0.00000   0.00000   0.00000   0.00000   0.18354   0.00000   0.00000   0.00000   0.00000   0.00000   0.19417   0.00000   0.00000   0.00000   0.00000   0.00000   0.00000   0.00000   0.00000   0.00000   0.00000   0.22194   0.00000   0.41274   0.00000   0.00000   0.00000   0.00000   0.00000   0.00000   0.00000   0.00000   0.00000   0.00000   0.00000   0.00000   0.00000   0.00000   0.00000   0.00000   0.00000   0.00000   0.18359   0.00000   0.18563   0.00000   0.00000   0.00000   0.00000   0.04219   0.00000   0.00000   0.00000   0.00000   0.00000   0.00000   0.00000   0.00000   0.00000   0.00000   0.00000   0.00000   0.00000   0.00000   0.00000   0.00000   0.00000   0.08396   0.00000   0.00000   1.16398   1.17098   1.98455  
 94  0.0000    142.427554  x:  0.00000   0.00000   0.00000   0.00000   0.00000   0.00000   0.00000   0.00000   0.00000   0.00000   0.00000   0.00000   0.00000   0.00000   0.00000   0.00000   0.00000   0.00000   0.00000   0.18354   0.00000   0.00000   0.00000   0.00000   0.00000   0.19417   0.00000   0.00000   0.00000   0.00000   0.00000   0.00000   0.00000   0.00000   0.00000   0.00000   0.22194   0.00000   0.41274   0.00000   0.00000   0.00000   0.00000   0.00000   0.00000   0.00000   0.00000   0.00000   0.00000   0.00000   0.00000   0.00000   0.00000   0.00000   0.00000   0.00000   0.00000   0.18359   0.00000   0.18563   0.00000   0.00000   0.00000   0.00000   0.04219   0.00000   0.00000   0.00000   0.00000   0.00000   0.00000   0.00000   0.00000   0.00000   0.00000   0.00000   0.00000   0.00000   0.00000   0.00000   0.00000   0.00000   0.08396   0.00000   0.00000   1.16398   1.17098   1.98455  