

TREE # 1

  0  0.0000    212.194907  x:  0.00372   0.02183   0.02999   0.02375   0.07890   0.07787   0.03831   0.04531   0.07727   0.02248   0.05812   0.02905   0.02727   0.01858   0.02227   0.06958   0.10621   0.03050   0.05649   0.03886   0.08210   0.04177   0.01398   0.02132   0.06170   0.08163   0.04852   0.04003   0.08640   0.01720   0.02358   0.01926   0.07016   0.01362   0.05079   0.03394   0.03796   0.07055   0.07126   0.08506   0.00797   0.01408   0.07154   0.02480   0.04797   0.03375   0.07251   0.04450   0.05107   0.07123   0.03133   0.08344   0.07844   0.07548   0.08247   0.04975   0.01085   0.03964   0.00966   0.02566   0.00903   0.05440   0.00000   0.16176   0.09727   0.04230   0.01636   0.03116   0.03334   0.09906   0.07805   0.08812   0.09581   0.04776   0.13202   0.03395   0.05978   0.06820   0.01462   1.15930   0.81021   0.80652  
  1 99.0000    212.194327  x:  0.00372   0.02183   0.02999   0.02375   0.07890   0.07787   0.03831   0.04531   0.07727   0.02248   0.05812   0.02905   0.02727   0.01858   0.02227   0.06958   0.10621   0.03050   0.05649   0.03886   0.08210   0.04177   0.01398   0.02132   0.06170   0.08163   0.04852   0.04003   0.08640   0.01720   0.02358   0.01926   0.07016   0.01362   0.05079   0.03394   0.03796   0.07054   0.07126   0.08506   0.00797   0.01408   0.07154   0.02480   0.04797   0.03375   0.07251   0.04450   0.05107   0.07123   0.03133   0.08344   0.07844   0.07548   0.08246   0.04975   0.01085   0.03964   0.00966   0.02566   0.00903   0.05439   0.00000   0.16176   0.09727   0.04230   0.01636   0.03116   0.03334   0.09906   0.07805   0.08812   0.09581   0.04776   0.13202   0.03395   0.05978   0.06820   0.01462   1.15930   0.81021   0.80652  
  2 143.5924    209.647572  x:  0.00000   0.02011   0.02933   0.02309   0.07824   0.07722   0.03766   0.04465   0.07662   0.02182   0.05747   0.02839   0.02661   0.01792   0.02161   0.06893   0.10674   0.02991   0.05590   0.03827   0.08151   0.04117   0.01339   0.02077   0.06271   0.08105   0.04793   0.03944   0.08581   0.01654   0.02292   0.01860   0.06951   0.01296   0.05014   0.03328   0.03730   0.06989   0.07061   0.08441   0.00731   0.01342   0.06993   0.02104   0.04423   0.03000   0.06878   0.04076   0.04733   0.06750   0.02757   0.07972   0.07472   0.07176   0.07874   0.04605   0.01019   0.03899   0.00900   0.02189   0.00521   0.05060   0.00000   0.16317   0.09651   0.04095   0.01500   0.02980   0.03198   0.09963   0.07736   0.08742   0.09639   0.04706   0.12824   0.03017   0.06000   0.06440   0.01117   1.15939   0.81021   0.80662  
  3 30634.5020    206.315637  x:  0.00000   0.01722   0.02841   0.02217   0.07734   0.07631   0.03674   0.04374   0.07571   0.02090   0.05656   0.02747   0.02570   0.01700   0.02069   0.06802   0.10770   0.02908   0.05508   0.03745   0.08069   0.04035   0.01256   0.02000   0.06362   0.08026   0.04711   0.03861   0.08499   0.01562   0.02201   0.01768   0.06860   0.01204   0.04922   0.03236   0.03639   0.06898   0.06970   0.08350   0.00639   0.01250   0.06715   0.01594   0.03912   0.02488   0.06369   0.03564   0.04225   0.06242   0.02245   0.07464   0.06964   0.06667   0.07367   0.04110   0.00927   0.03807   0.00808   0.01686   0.00000   0.04543   0.00000   0.16573   0.09548   0.03908   0.01311   0.02792   0.03011   0.10068   0.07641   0.08646   0.09742   0.04608   0.12314   0.02522   0.05810   0.05945   0.00647   1.15962   0.81021   0.80678  
  4 10071.6821    202.037123  x:  0.00000   0.01387   0.02709   0.02083   0.07602   0.07498   0.03542   0.04238   0.07439   0.01955   0.05523   0.02613   0.02434   0.01566   0.01934   0.06670   0.10973   0.02788   0.05388   0.03625   0.07950   0.03916   0.01137   0.01893   0.06342   0.07919   0.04590   0.03738   0.08380   0.01427   0.02067   0.01632   0.06729   0.01072   0.04789   0.03104   0.03508   0.06765   0.06836   0.08216   0.00503   0.01115   0.06401   0.00900   0.03206   0.01780   0.05665   0.02860   0.03537   0.05544   0.01537   0.06765   0.06269   0.05965   0.06668   0.03505   0.00793   0.03673   0.00673   0.01068   0.00000   0.03831   0.00000   0.17087   0.09392   0.03647   0.01041   0.02522   0.02749   0.10289   0.07508   0.08505   0.09957   0.04469   0.11665   0.01955   0.06023   0.05372   0.00000   1.16059   0.81021   0.80699  
  5 1889.0676    196.882772  x:  0.00000   0.01180   0.02532   0.01903   0.07426   0.07320   0.03365   0.04055   0.07263   0.01773   0.05345   0.02433   0.02252   0.01385   0.01754   0.06492   0.11169   0.02627   0.05228   0.03465   0.07790   0.03756   0.00978   0.01781   0.07220   0.07787   0.04428   0.03572   0.08221   0.01246   0.01886   0.01450   0.06554   0.00895   0.04610   0.02927   0.03334   0.06585   0.06657   0.08036   0.00319   0.00935   0.06242   0.00000   0.02286   0.00857   0.04745   0.01940   0.02648   0.04637   0.00613   0.05853   0.05366   0.05049   0.05757   0.02841   0.00613   0.03494   0.00492   0.00389   0.00000   0.02908   0.00000   0.17475   0.09126   0.03301   0.00681   0.02163   0.02401   0.10481   0.07331   0.08317   0.10144   0.04282   0.10950   0.01323   0.06097   0.04726   0.00000   1.16188   0.81021   0.80657  
  6 1667.4684    194.083819  x:  0.00000   0.00837   0.02412   0.01781   0.07307   0.07200   0.03245   0.03931   0.07143   0.01649   0.05224   0.02311   0.02129   0.01263   0.01632   0.06372   0.11040   0.02518   0.05119   0.03357   0.07682   0.03647   0.00871   0.01703   0.07338   0.07706   0.04319   0.03459   0.08113   0.01124   0.01764   0.01326   0.06435   0.00776   0.04489   0.02807   0.03216   0.06464   0.06536   0.07914   0.00195   0.00812   0.05912   0.00000   0.01677   0.00245   0.04134   0.01330   0.02058   0.04039   0.00000   0.05249   0.04771   0.04442   0.05154   0.02659   0.00492   0.03372   0.00369   0.00206   0.00000   0.02308   0.00000   0.17091   0.08854   0.03070   0.00439   0.01922   0.02169   0.10312   0.07210   0.08189   0.09987   0.04156   0.10808   0.01104   0.06157   0.04474   0.00000   1.16171   0.81021   0.80425  
  7 488.7250    193.167429  x:  0.00000   0.00791   0.02366   0.01733   0.07260   0.07153   0.03199   0.03884   0.07097   0.01602   0.05178   0.02264   0.02081   0.01216   0.01585   0.06326   0.11016   0.02476   0.05076   0.03315   0.07640   0.03605   0.00829   0.01676   0.07371   0.07677   0.04276   0.03416   0.08071   0.01077   0.01717   0.01279   0.06389   0.00729   0.04443   0.02760   0.03170   0.06417   0.06489   0.07867   0.00147   0.00765   0.05883   0.00000   0.01435   0.00000   0.03891   0.01087   0.01822   0.03801   0.00000   0.05008   0.04534   0.04200   0.04913   0.02686   0.00445   0.03325   0.00322   0.00234   0.00000   0.02072   0.00000   0.17171   0.08780   0.02979   0.00345   0.01827   0.02078   0.10304   0.07164   0.08140   0.09986   0.04107   0.10872   0.01076   0.06161   0.04426   0.00000   1.16109   0.81021   0.80271  
  8 505.3508    190.627304  x:  0.00000   0.00663   0.02222   0.01588   0.07118   0.07009   0.03055   0.03737   0.06954   0.01456   0.05034   0.02119   0.01935   0.01071   0.01439   0.06182   0.10846   0.02346   0.04946   0.03185   0.07510   0.03475   0.00700   0.01594   0.07474   0.07588   0.04146   0.03283   0.07942   0.00931   0.01572   0.01132   0.06246   0.00585   0.04298   0.02617   0.03027   0.06273   0.06345   0.07722   0.00000   0.00619   0.05789   0.00000   0.00720   0.00000   0.03173   0.00369   0.01127   0.03098   0.00000   0.04296   0.03835   0.03487   0.04204   0.02727   0.00301   0.03181   0.00176   0.00286   0.00000   0.01378   0.00000   0.17486   0.08553   0.02704   0.00056   0.01540   0.01802   0.10219   0.07023   0.07992   0.09927   0.03958   0.11035   0.00988   0.06172   0.04275   0.00000   1.15901   0.81021   0.79761  
  9 20333.6062    190.182439  x:  0.00000   0.00650   0.02193   0.01559   0.07089   0.06980   0.03026   0.03708   0.06925   0.01426   0.05005   0.02090   0.01905   0.01041   0.01410   0.06153   0.10856   0.02320   0.04920   0.03159   0.07484   0.03449   0.00675   0.01578   0.07489   0.07572   0.04120   0.03257   0.07916   0.00902   0.01543   0.01103   0.06217   0.00556   0.04269   0.02587   0.02998   0.06244   0.06315   0.07693   0.00000   0.00589   0.05770   0.00000   0.00608   0.00000   0.03060   0.00256   0.01016   0.02988   0.00000   0.04185   0.03727   0.03376   0.04093   0.02695   0.00271   0.03151   0.00146   0.00264   0.00000   0.01271   0.00000   0.17513   0.08486   0.02652   0.00000   0.01484   0.01750   0.10238   0.06998   0.07965   0.09959   0.03931   0.11039   0.00972   0.06173   0.04246   0.00000   1.15823   0.81021   0.79617  
 10 1071.0984    189.182980  x:  0.00000   0.00569   0.02135   0.01500   0.07031   0.06922   0.02968   0.03648   0.06867   0.01367   0.04946   0.02031   0.01846   0.00982   0.01351   0.06095   0.11108   0.02266   0.04866   0.03105   0.07431   0.03395   0.00623   0.01557   0.07530   0.07546   0.04067   0.03202   0.07862   0.00843   0.01484   0.01043   0.06160   0.00498   0.04211   0.02529   0.02941   0.06185   0.06257   0.07634   0.00000   0.00530   0.05775   0.00000   0.00361   0.00000   0.02808   0.00000   0.00766   0.02743   0.00000   0.03933   0.03488   0.03128   0.03847   0.02579   0.00213   0.03093   0.00087   0.00127   0.00000   0.01035   0.00000   0.17616   0.08409   0.02549   0.00000   0.01369   0.01645   0.10246   0.06940   0.07902   0.09761   0.03869   0.10970   0.00975   0.06177   0.04216   0.00000   1.15569   0.81021   0.79380  
 11 508.8676    188.730755  x:  0.00000   0.00487   0.02115   0.01480   0.07012   0.06903   0.02948   0.03628   0.06848   0.01347   0.04927   0.02011   0.01826   0.00962   0.01331   0.06075   0.11130   0.02246   0.04846   0.03085   0.07411   0.03375   0.00603   0.01558   0.07555   0.07543   0.04047   0.03181   0.07843   0.00822   0.01464   0.01023   0.06141   0.00478   0.04191   0.02510   0.02922   0.06166   0.06237   0.07614   0.00000   0.00510   0.05815   0.00000   0.00239   0.00000   0.02681   0.00000   0.00640   0.02620   0.00000   0.03805   0.03371   0.03003   0.03723   0.02500   0.00193   0.03073   0.00066   0.00000   0.00000   0.00917   0.00000   0.17647   0.08425   0.02510   0.00000   0.01325   0.01607   0.10241   0.06914   0.07874   0.09781   0.03841   0.10881   0.01017   0.06179   0.04242   0.00000   1.15414   0.81021   0.79355  
 12 315.0286    187.919593  x:  0.00000   0.00327   0.02077   0.01441   0.06974   0.06864   0.02910   0.03588   0.06810   0.01307   0.04888   0.01972   0.01786   0.00923   0.01292   0.06037   0.11173   0.02207   0.04807   0.03046   0.07373   0.03337   0.00565   0.01559   0.07603   0.07538   0.04009   0.03141   0.07804   0.00783   0.01424   0.00983   0.06103   0.00440   0.04152   0.02471   0.02884   0.06127   0.06199   0.07576   0.00000   0.00471   0.05894   0.00000   0.00000   0.00000   0.02433   0.00000   0.00396   0.02381   0.00000   0.03555   0.03142   0.02761   0.03483   0.02345   0.00154   0.03034   0.00027   0.00000   0.00000   0.00689   0.00000   0.17709   0.08456   0.02436   0.00000   0.01239   0.01532   0.10230   0.06862   0.07818   0.09822   0.03785   0.10707   0.01099   0.06185   0.04292   0.00000   1.15110   0.81021   0.79307  
 13 37780588.6402    187.441529  x:  0.00000   0.00218   0.02052   0.01414   0.06949   0.06839   0.02884   0.03562   0.06785   0.01280   0.04863   0.01946   0.01760   0.00897   0.01265   0.06011   0.11176   0.02181   0.04781   0.03020   0.07347   0.03310   0.00540   0.01559   0.07633   0.07534   0.03983   0.03114   0.07779   0.00757   0.01398   0.00957   0.06077   0.00414   0.04126   0.02446   0.02859   0.06101   0.06173   0.07550   0.00000   0.00445   0.05952   0.00000   0.00000   0.00000   0.02268   0.00000   0.00232   0.02222   0.00000   0.03389   0.02991   0.02600   0.03323   0.02277   0.00128   0.03008   0.00000   0.00000   0.00000   0.00536   0.00000   0.17744   0.08466   0.02385   0.00000   0.01181   0.01480   0.10272   0.06825   0.07779   0.09825   0.03747   0.10651   0.01132   0.06189   0.04309   0.00000   1.14916   0.81021   0.79294  
 14 623.4866    186.775724  x:  0.00000   0.00067   0.02016   0.01377   0.06913   0.06802   0.02848   0.03524   0.06749   0.01243   0.04826   0.01908   0.01722   0.00860   0.01228   0.05975   0.11198   0.02144   0.04745   0.02983   0.07311   0.03274   0.00504   0.01559   0.07673   0.07531   0.03947   0.03076   0.07743   0.00719   0.01361   0.00919   0.06042   0.00378   0.04090   0.02409   0.02823   0.06065   0.06136   0.07513   0.00000   0.00408   0.06036   0.00000   0.00000   0.00000   0.02036   0.00000   0.00000   0.01997   0.00000   0.03153   0.02778   0.02373   0.03098   0.02173   0.00092   0.02971   0.00000   0.00000   0.00000   0.00319   0.00000   0.17797   0.08467   0.02313   0.00000   0.01098   0.01407   0.10293   0.06773   0.07724   0.09843   0.03693   0.10567   0.01197   0.06193   0.04353   0.00000   1.14656   0.81021   0.79270  
 15 11418.8029    186.500779  x:  0.00000   0.00000   0.01999   0.01360   0.06896   0.06785   0.02831   0.03507   0.06732   0.01226   0.04809   0.01891   0.01705   0.00843   0.01211   0.05958   0.11208   0.02127   0.04728   0.02967   0.07294   0.03257   0.00488   0.01559   0.07690   0.07528   0.03930   0.03059   0.07726   0.00702   0.01344   0.00901   0.06025   0.00361   0.04073   0.02392   0.02806   0.06048   0.06119   0.07496   0.00000   0.00391   0.06074   0.00000   0.00000   0.00000   0.01928   0.00000   0.00000   0.01893   0.00000   0.03044   0.02679   0.02268   0.02994   0.02128   0.00075   0.02954   0.00000   0.00000   0.00000   0.00217   0.00000   0.17819   0.08472   0.02279   0.00000   0.01059   0.01373   0.10302   0.06748   0.07698   0.09851   0.03668   0.10533   0.01229   0.06195   0.04374   0.00000   1.14541   0.81021   0.79259  
 16 5287.2719    185.921490  x:  0.00000   0.00000   0.01966   0.01326   0.06864   0.06753   0.02798   0.03473   0.06699   0.01192   0.04776   0.01858   0.01671   0.00809   0.01177   0.05926   0.11229   0.02093   0.04694   0.02933   0.07261   0.03223   0.00455   0.01561   0.07728   0.07527   0.03897   0.03024   0.07693   0.00668   0.01310   0.00867   0.05993   0.00328   0.04040   0.02359   0.02774   0.06015   0.06086   0.07463   0.00000   0.00357   0.06013   0.00000   0.00000   0.00000   0.01697   0.00000   0.00000   0.01670   0.00000   0.02810   0.02468   0.02043   0.02770   0.02027   0.00042   0.02920   0.00000   0.00000   0.00000   0.00000   0.00000   0.17863   0.08501   0.02211   0.00000   0.00981   0.01304   0.10321   0.06697   0.07645   0.09868   0.03615   0.10446   0.01301   0.06200   0.04425   0.00000   1.14292   0.81021   0.79268  
 17 912.2958    185.921490  x:  0.00000   0.00000   0.01966   0.01326   0.06864   0.06753   0.02798   0.03473   0.06699   0.01192   0.04776   0.01858   0.01671   0.00809   0.01177   0.05926   0.11229   0.02093   0.04694   0.02933   0.07261   0.03223   0.00455   0.01561   0.07728   0.07527   0.03897   0.03024   0.07693   0.00668   0.01310   0.00867   0.05993   0.00328   0.04040   0.02359   0.02774   0.06015   0.06086   0.07463   0.00000   0.00357   0.06013   0.00000   0.00000   0.00000   0.01697   0.00000   0.00000   0.01670   0.00000   0.02810   0.02468   0.02043   0.02770   0.02027   0.00042   0.02920   0.00000   0.00000   0.00000   0.00000   0.00000   0.17863   0.08501   0.02211   0.00000   0.00981   0.01304   0.10321   0.06697   0.07645   0.09868   0.03615   0.10446   0.01301   0.06200   0.04425   0.00000   1.14292   0.81021   0.79268  
 18 249.3629    185.097554  x:  0.00000   0.00000   0.01925   0.01285   0.06823   0.06712   0.02757   0.03432   0.06658   0.01150   0.04735   0.01816   0.01629   0.00767   0.01136   0.05885   0.11263   0.02056   0.04657   0.02896   0.07224   0.03186   0.00417   0.01527   0.07798   0.07490   0.03860   0.02987   0.07656   0.00627   0.01269   0.00826   0.05952   0.00286   0.03998   0.02318   0.02733   0.05974   0.06045   0.07422   0.00000   0.00316   0.05913   0.00000   0.00000   0.00000   0.01462   0.00000   0.00000   0.01435   0.00000   0.02575   0.02233   0.01808   0.02536   0.01798   0.00000   0.02879   0.00000   0.00000   0.00000   0.00000   0.00000   0.17953   0.08454   0.02125   0.00000   0.00896   0.01219   0.10360   0.06653   0.07601   0.09908   0.03571   0.10213   0.01066   0.06225   0.04189   0.00000   1.14296   0.81021   0.79273  
 19 100.8001    181.410123  x:  0.00000   0.00000   0.01739   0.01099   0.06639   0.06528   0.02571   0.03246   0.06475   0.00964   0.04551   0.01631   0.01444   0.00582   0.00950   0.05700   0.11408   0.01888   0.04491   0.02729   0.07058   0.03019   0.00250   0.01370   0.08076   0.07327   0.03693   0.02820   0.07490   0.00441   0.01083   0.00640   0.05767   0.00100   0.03814   0.02133   0.02547   0.05789   0.05861   0.07238   0.00000   0.00130   0.05560   0.00000   0.00000   0.00000   0.00405   0.00000   0.00000   0.00377   0.00000   0.01520   0.01177   0.00751   0.01480   0.00761   0.00000   0.02694   0.00000   0.00000   0.00000   0.00000   0.00000   0.18330   0.08241   0.01742   0.00000   0.00511   0.00835   0.10521   0.06457   0.07404   0.10074   0.03372   0.09157   0.00000   0.06304   0.03119   0.00000   1.14317   0.81021   0.79304  
 20 98746.9635    180.205472  x:  0.00000   0.00000   0.01673   0.01033   0.06574   0.06463   0.02506   0.03181   0.06409   0.00898   0.04485   0.01565   0.01378   0.00516   0.00884   0.05635   0.11455   0.01829   0.04432   0.02669   0.07000   0.02960   0.00191   0.01314   0.08174   0.07268   0.03634   0.02760   0.07432   0.00375   0.01017   0.00574   0.05702   0.00034   0.03748   0.02067   0.02482   0.05724   0.05796   0.07173   0.00000   0.00064   0.05446   0.00000   0.00000   0.00000   0.00028   0.00000   0.00000   0.00000   0.00000   0.01144   0.00801   0.00374   0.01104   0.00388   0.00000   0.02628   0.00000   0.00000   0.00000   0.00000   0.00000   0.18455   0.08165   0.01606   0.00000   0.00375   0.00698   0.10574   0.06387   0.07334   0.10129   0.03302   0.08776   0.00000   0.06363   0.02733   0.00000   1.14327   0.81021   0.79320  
 21 44543.2055    180.125272  x:  0.00000   0.00000   0.01669   0.01029   0.06569   0.06458   0.02501   0.03176   0.06405   0.00894   0.04481   0.01560   0.01373   0.00511   0.00879   0.05630   0.11459   0.01825   0.04427   0.02665   0.06995   0.02956   0.00186   0.01310   0.08183   0.07264   0.03630   0.02756   0.07427   0.00370   0.01013   0.00569   0.05697   0.00029   0.03743   0.02062   0.02477   0.05719   0.05791   0.07168   0.00000   0.00059   0.05436   0.00000   0.00000   0.00000   0.00000   0.00000   0.00000   0.00000   0.00000   0.01116   0.00773   0.00347   0.01077   0.00359   0.00000   0.02623   0.00000   0.00000   0.00000   0.00000   0.00000   0.18465   0.08159   0.01596   0.00000   0.00365   0.00688   0.10578   0.06382   0.07329   0.10133   0.03297   0.08747   0.00000   0.06358   0.02707   0.00000   1.14327   0.81021   0.79321  
 22 4271.1796    179.729206  x:  0.00000   0.00000   0.01640   0.01000   0.06540   0.06429   0.02472   0.03147   0.06376   0.00865   0.04452   0.01531   0.01344   0.00482   0.00850   0.05602   0.11495   0.01799   0.04401   0.02639   0.06970   0.02930   0.00160   0.01287   0.08237   0.07239   0.03604   0.02730   0.07402   0.00341   0.00984   0.00540   0.05669   0.00000   0.03714   0.02033   0.02448   0.05691   0.05762   0.07140   0.00000   0.00030   0.05431   0.00000   0.00000   0.00000   0.00000   0.00000   0.00000   0.00000   0.00000   0.00952   0.00610   0.00183   0.00913   0.00186   0.00000   0.02595   0.00000   0.00000   0.00000   0.00000   0.00000   0.18565   0.08130   0.01536   0.00000   0.00305   0.00629   0.10622   0.06352   0.07299   0.10179   0.03266   0.08578   0.00000   0.06366   0.02675   0.00000   1.14322   0.81021   0.79328  
 23 631.5408    179.331166  x:  0.00000   0.00000   0.01610   0.00970   0.06511   0.06400   0.02443   0.03118   0.06347   0.00835   0.04423   0.01502   0.01315   0.00452   0.00821   0.05572   0.11523   0.01772   0.04375   0.02613   0.06943   0.02903   0.00134   0.01262   0.08265   0.07214   0.03577   0.02704   0.07376   0.00312   0.00954   0.00511   0.05639   0.00000   0.03685   0.02004   0.02419   0.05661   0.05733   0.07111   0.00000   0.00000   0.05401   0.00000   0.00000   0.00000   0.00000   0.00000   0.00000   0.00000   0.00000   0.00784   0.00442   0.00015   0.00745   0.00003   0.00000   0.02565   0.00000   0.00000   0.00000   0.00000   0.00000   0.18632   0.08095   0.01475   0.00000   0.00244   0.00568   0.10652   0.06321   0.07267   0.10209   0.03234   0.08400   0.00000   0.06376   0.02661   0.00000   1.14317   0.81021   0.79338  
 24 5092.5220    179.325522  x:  0.00000   0.00000   0.01610   0.00970   0.06511   0.06400   0.02442   0.03118   0.06346   0.00835   0.04422   0.01501   0.01314   0.00452   0.00820   0.05572   0.11524   0.01772   0.04375   0.02612   0.06943   0.02903   0.00133   0.01261   0.08265   0.07213   0.03577   0.02703   0.07375   0.00311   0.00954   0.00511   0.05639   0.00000   0.03685   0.02003   0.02418   0.05661   0.05733   0.07110   0.00000   0.00000   0.05400   0.00000   0.00000   0.00000   0.00000   0.00000   0.00000   0.00000   0.00000   0.00782   0.00439   0.00013   0.00743   0.00000   0.00000   0.02565   0.00000   0.00000   0.00000   0.00000   0.00000   0.18633   0.08095   0.01474   0.00000   0.00243   0.00567   0.10653   0.06321   0.07267   0.10210   0.03234   0.08397   0.00000   0.06376   0.02661   0.00000   1.14317   0.81021   0.79338  
 25 3270.2918    179.300613  x:  0.00000   0.00000   0.01607   0.00967   0.06508   0.06397   0.02440   0.03115   0.06344   0.00832   0.04420   0.01499   0.01312   0.00450   0.00818   0.05570   0.11528   0.01770   0.04372   0.02610   0.06941   0.02901   0.00131   0.01260   0.08266   0.07211   0.03575   0.02701   0.07373   0.00309   0.00951   0.00508   0.05637   0.00000   0.03682   0.02001   0.02416   0.05659   0.05730   0.07108   0.00000   0.00000   0.05398   0.00000   0.00000   0.00000   0.00000   0.00000   0.00000   0.00000   0.00000   0.00769   0.00427   0.00000   0.00731   0.00000   0.00000   0.02562   0.00000   0.00000   0.00000   0.00000   0.00000   0.18634   0.08090   0.01470   0.00000   0.00238   0.00562   0.10655   0.06318   0.07265   0.10212   0.03232   0.08389   0.00000   0.06376   0.02656   0.00000   1.14316   0.81021   0.79334  
 26 233.5945    178.580618  x:  0.00000   0.00000   0.01528   0.00888   0.06430   0.06319   0.02361   0.03036   0.06266   0.00753   0.04341   0.01420   0.01233   0.00370   0.00739   0.05491   0.11541   0.01698   0.04301   0.02538   0.06870   0.02829   0.00060   0.01201   0.08301   0.07150   0.03503   0.02629   0.07302   0.00230   0.00872   0.00429   0.05558   0.00000   0.03604   0.01922   0.02337   0.05580   0.05652   0.07030   0.00000   0.00000   0.05331   0.00000   0.00000   0.00000   0.00000   0.00000   0.00000   0.00000   0.00000   0.00343   0.00000   0.00000   0.00304   0.00000   0.00000   0.02483   0.00000   0.00000   0.00000   0.00000   0.00000   0.18748   0.07964   0.01315   0.00000   0.00079   0.00407   0.10670   0.06238   0.07182   0.10238   0.03148   0.08146   0.00000   0.06399   0.02485   0.00000   1.14308   0.81021   0.79225  
 27 2478.7752    178.279520  x:  0.00000   0.00000   0.01491   0.00851   0.06394   0.06282   0.02324   0.03000   0.06229   0.00716   0.04304   0.01383   0.01196   0.00333   0.00702   0.05455   0.11559   0.01664   0.04267   0.02505   0.06836   0.02795   0.00026   0.01170   0.08316   0.07118   0.03470   0.02596   0.07268   0.00193   0.00835   0.00392   0.05522   0.00000   0.03567   0.01885   0.02300   0.05544   0.05615   0.06993   0.00000   0.00000   0.05300   0.00000   0.00000   0.00000   0.00000   0.00000   0.00000   0.00000   0.00000   0.00099   0.00000   0.00000   0.00061   0.00000   0.00000   0.02447   0.00000   0.00000   0.00000   0.00000   0.00000   0.18774   0.07929   0.01237   0.00000   0.00000   0.00329   0.10706   0.06197   0.07141   0.10275   0.03106   0.08046   0.00000   0.06408   0.02407   0.00000   1.14311   0.81021   0.79227  
 28 893.8936    178.206228  x:  0.00000   0.00000   0.01482   0.00842   0.06384   0.06273   0.02315   0.02990   0.06220   0.00707   0.04295   0.01374   0.01187   0.00324   0.00693   0.05445   0.11563   0.01656   0.04259   0.02496   0.06828   0.02787   0.00017   0.01163   0.08319   0.07110   0.03461   0.02587   0.07260   0.00183   0.00826   0.00382   0.05512   0.00000   0.03558   0.01876   0.02291   0.05534   0.05606   0.06984   0.00000   0.00000   0.05292   0.00000   0.00000   0.00000   0.00000   0.00000   0.00000   0.00000   0.00000   0.00039   0.00000   0.00000   0.00000   0.00000   0.00000   0.02437   0.00000   0.00000   0.00000   0.00000   0.00000   0.18781   0.07920   0.01217   0.00000   0.00000   0.00309   0.10715   0.06186   0.07131   0.10286   0.03096   0.08021   0.00000   0.06411   0.02388   0.00000   1.14312   0.81021   0.79228  
 29 307115.5708    178.172387  x:  0.00000   0.00000   0.01477   0.00837   0.06379   0.06268   0.02310   0.02985   0.06215   0.00702   0.04290   0.01369   0.01181   0.00319   0.00687   0.05440   0.11565   0.01651   0.04254   0.02491   0.06823   0.02782   0.00013   0.01158   0.08321   0.07105   0.03456   0.02582   0.07255   0.00178   0.00821   0.00377   0.05507   0.00000   0.03552   0.01871   0.02286   0.05529   0.05601   0.06979   0.00000   0.00000   0.05288   0.00000   0.00000   0.00000   0.00000   0.00000   0.00000   0.00000   0.00000   0.00000   0.00000   0.00000   0.00000   0.00000   0.00000   0.02432   0.00000   0.00000   0.00000   0.00000   0.00000   0.18784   0.07918   0.01205   0.00000   0.00000   0.00298   0.10720   0.06180   0.07124   0.10289   0.03090   0.08003   0.00000   0.06411   0.02376   0.00000   1.14313   0.81021   0.79232  
 30 192.1143    178.116176  x:  0.00000   0.00000   0.01464   0.00824   0.06366   0.06255   0.02297   0.02972   0.06202   0.00689   0.04277   0.01355   0.01168   0.00306   0.00674   0.05427   0.11573   0.01639   0.04242   0.02479   0.06811   0.02770   0.00000   0.01145   0.08323   0.07091   0.03444   0.02570   0.07243   0.00165   0.00808   0.00364   0.05494   0.00000   0.03539   0.01858   0.02273   0.05516   0.05588   0.06966   0.00000   0.00000   0.05281   0.00000   0.00000   0.00000   0.00000   0.00000   0.00000   0.00000   0.00000   0.00000   0.00000   0.00000   0.00000   0.00000   0.00000   0.02419   0.00000   0.00000   0.00000   0.00000   0.00000   0.18791   0.07909   0.01175   0.00000   0.00000   0.00267   0.10716   0.06164   0.07109   0.10308   0.03074   0.07956   0.00000   0.06413   0.02349   0.00000   1.14314   0.81021   0.79250  
 31 312.3264    177.635993  x:  0.00000   0.00000   0.01352   0.00711   0.06255   0.06144   0.02184   0.02860   0.06090   0.00576   0.04165   0.01243   0.01056   0.00193   0.00562   0.05316   0.11610   0.01535   0.04140   0.02377   0.06710   0.02668   0.00000   0.01025   0.08343   0.06970   0.03342   0.02468   0.07142   0.00053   0.00695   0.00251   0.05383   0.00000   0.03428   0.01746   0.02160   0.05405   0.05477   0.06855   0.00000   0.00000   0.05219   0.00000   0.00000   0.00000   0.00000   0.00000   0.00000   0.00000   0.00000   0.00000   0.00000   0.00000   0.00000   0.00000   0.00000   0.02307   0.00000   0.00000   0.00000   0.00000   0.00000   0.18853   0.07826   0.00908   0.00000   0.00000   0.00000   0.10738   0.06022   0.06975   0.10414   0.02938   0.07557   0.00000   0.06425   0.02119   0.00000   1.14318   0.81021   0.79419  
 32 4596.3654    177.423987  x:  0.00000   0.00000   0.01300   0.00659   0.06203   0.06092   0.02132   0.02808   0.06039   0.00524   0.04114   0.01191   0.01004   0.00141   0.00510   0.05264   0.11617   0.01484   0.04092   0.02329   0.06662   0.02620   0.00000   0.00979   0.08353   0.06922   0.03293   0.02420   0.07095   0.00000   0.00643   0.00199   0.05331   0.00000   0.03376   0.01693   0.02108   0.05353   0.05425   0.06803   0.00000   0.00000   0.05191   0.00000   0.00000   0.00000   0.00000   0.00000   0.00000   0.00000   0.00000   0.00000   0.00000   0.00000   0.00000   0.00000   0.00000   0.02255   0.00000   0.00000   0.00000   0.00000   0.00000   0.18884   0.07765   0.00791   0.00000   0.00000   0.00000   0.10752   0.05957   0.06912   0.10470   0.02875   0.07370   0.00000   0.06431   0.02008   0.00000   1.14328   0.81021   0.79477  
 33 900.4968    176.796631  x:  0.00000   0.00000   0.01160   0.00519   0.06065   0.05954   0.01993   0.02669   0.05901   0.00384   0.03975   0.01051   0.00864   0.00000   0.00369   0.05126   0.11769   0.01334   0.03956   0.02193   0.06528   0.02483   0.00000   0.00943   0.08377   0.06870   0.03151   0.02284   0.06960   0.00000   0.00503   0.00058   0.05193   0.00000   0.03237   0.01554   0.01969   0.05215   0.05286   0.06666   0.00000   0.00000   0.05094   0.00000   0.00000   0.00000   0.00000   0.00000   0.00000   0.00000   0.00000   0.00000   0.00000   0.00000   0.00000   0.00000   0.00000   0.02116   0.00000   0.00000   0.00000   0.00000   0.00000   0.18968   0.07899   0.00636   0.00000   0.00000   0.00000   0.10763   0.05771   0.06731   0.10578   0.02689   0.06625   0.00000   0.06446   0.01614   0.00000   1.14404   0.81021   0.79585  
 34 188.7294    176.522719  x:  0.00000   0.00000   0.01102   0.00461   0.06008   0.05897   0.01935   0.02611   0.05844   0.00326   0.03917   0.00993   0.00806   0.00000   0.00311   0.05069   0.11797   0.01270   0.03898   0.02134   0.06470   0.02425   0.00000   0.00971   0.08381   0.06891   0.03090   0.02225   0.06903   0.00000   0.00445   0.00000   0.05136   0.00000   0.03179   0.01496   0.01911   0.05158   0.05230   0.06609   0.00000   0.00000   0.05062   0.00000   0.00000   0.00000   0.00000   0.00000   0.00000   0.00000   0.00000   0.00000   0.00000   0.00000   0.00000   0.00000   0.00000   0.02058   0.00000   0.00000   0.00000   0.00000   0.00000   0.19007   0.07893   0.00645   0.00000   0.00000   0.00000   0.10773   0.05687   0.06651   0.10627   0.02606   0.06243   0.00000   0.06450   0.01435   0.00000   1.14409   0.81021   0.79551  
 35 273.9786    175.341543  x:  0.00000   0.00000   0.00792   0.00151   0.05703   0.05592   0.01626   0.02303   0.05538   0.00015   0.03610   0.00683   0.00496   0.00000   0.00000   0.04763   0.11880   0.00939   0.03599   0.01834   0.06173   0.02125   0.00000   0.00857   0.08404   0.06755   0.02777   0.01924   0.06606   0.00000   0.00135   0.00000   0.04830   0.00000   0.02871   0.01187   0.01602   0.04852   0.04924   0.06304   0.00000   0.00000   0.04934   0.00000   0.00000   0.00000   0.00000   0.00000   0.00000   0.00000   0.00000   0.00000   0.00000   0.00000   0.00000   0.00000   0.00000   0.01749   0.00000   0.00000   0.00000   0.00000   0.00000   0.19132   0.07929   0.00541   0.00000   0.00000   0.00000   0.10836   0.05319   0.06284   0.10871   0.02226   0.04900   0.00000   0.06456   0.00703   0.00000   1.14363   0.81021   0.79208  
 36 517.4977    175.278142  x:  0.00000   0.00000   0.00778   0.00136   0.05689   0.05577   0.01612   0.02288   0.05524   0.00000   0.03596   0.00669   0.00481   0.00000   0.00000   0.04748   0.11889   0.00921   0.03583   0.01818   0.06158   0.02109   0.00000   0.00829   0.08408   0.06724   0.02760   0.01909   0.06591   0.00000   0.00120   0.00000   0.04815   0.00000   0.02857   0.01172   0.01588   0.04837   0.04909   0.06290   0.00000   0.00000   0.04925   0.00000   0.00000   0.00000   0.00000   0.00000   0.00000   0.00000   0.00000   0.00000   0.00000   0.00000   0.00000   0.00000   0.00000   0.01734   0.00000   0.00000   0.00000   0.00000   0.00000   0.19147   0.07896   0.00560   0.00000   0.00000   0.00000   0.10839   0.05301   0.06266   0.10884   0.02206   0.04839   0.00000   0.06457   0.00653   0.00000   1.14366   0.81021   0.79220  
 37 118.8533    174.769858  x:  0.00000   0.00000   0.00657   0.00015   0.05572   0.05460   0.01492   0.02169   0.05407   0.00000   0.03477   0.00548   0.00361   0.00000   0.00000   0.04630   0.11931   0.00767   0.03452   0.01686   0.06028   0.01977   0.00000   0.00420   0.08452   0.06307   0.02618   0.01776   0.06461   0.00000   0.00000   0.00000   0.04697   0.00000   0.02738   0.01052   0.01468   0.04719   0.04791   0.06173   0.00000   0.00000   0.04855   0.00000   0.00000   0.00000   0.00000   0.00000   0.00000   0.00000   0.00000   0.00000   0.00000   0.00000   0.00000   0.00000   0.00000   0.01615   0.00000   0.00000   0.00000   0.00000   0.00000   0.19237   0.07786   0.00888   0.00000   0.00000   0.00000   0.10860   0.05157   0.06116   0.11002   0.02042   0.04342   0.00000   0.06467   0.00198   0.00000   1.14349   0.81021   0.79229  
 38 299.3281    174.719878  x:  0.00000   0.00000   0.00642   0.00000   0.05557   0.05446   0.01477   0.02154   0.05392   0.00000   0.03463   0.00533   0.00346   0.00000   0.00000   0.04616   0.11932   0.00749   0.03437   0.01670   0.06013   0.01961   0.00000   0.00397   0.08458   0.06283   0.02602   0.01761   0.06446   0.00000   0.00000   0.00000   0.04683   0.00000   0.02723   0.01038   0.01453   0.04705   0.04777   0.06158   0.00000   0.00000   0.04848   0.00000   0.00000   0.00000   0.00000   0.00000   0.00000   0.00000   0.00000   0.00000   0.00000   0.00000   0.00000   0.00000   0.00000   0.01600   0.00000   0.00000   0.00000   0.00000   0.00000   0.19245   0.07785   0.00907   0.00000   0.00000   0.00000   0.10862   0.05142   0.06100   0.11015   0.02024   0.04307   0.00000   0.06469   0.00149   0.00000   1.14343   0.81021   0.79238  
 39 215.2702    174.577755  x:  0.00000   0.00000   0.00584   0.00000   0.05500   0.05389   0.01419   0.02097   0.05335   0.00000   0.03405   0.00475   0.00288   0.00000   0.00000   0.04558   0.11947   0.00681   0.03378   0.01611   0.05954   0.01902   0.00000   0.00373   0.08471   0.06258   0.02538   0.01701   0.06387   0.00000   0.00000   0.00000   0.04625   0.00000   0.02666   0.00980   0.01395   0.04647   0.04719   0.06101   0.00000   0.00000   0.04831   0.00000   0.00000   0.00000   0.00000   0.00000   0.00000   0.00000   0.00000   0.00000   0.00000   0.00000   0.00000   0.00000   0.00000   0.01542   0.00000   0.00000   0.00000   0.00000   0.00000   0.19267   0.07748   0.00977   0.00000   0.00000   0.00000   0.10869   0.05087   0.06042   0.11048   0.01959   0.04273   0.00000   0.06471   0.00000   0.00000   1.14330   0.81021   0.79260  
 40 110.9044    174.140307  x:  0.00000   0.00000   0.00297   0.00000   0.05218   0.05106   0.01132   0.01811   0.05052   0.00000   0.03121   0.00187   0.00000   0.00000   0.00000   0.04275   0.11996   0.00345   0.03083   0.01314   0.05663   0.01606   0.00000   0.00321   0.08501   0.06192   0.02225   0.01405   0.06096   0.00000   0.00000   0.00000   0.04342   0.00000   0.02381   0.00693   0.01108   0.04364   0.04436   0.05819   0.00000   0.00000   0.04765   0.00000   0.00000   0.00000   0.00000   0.00000   0.00000   0.00000   0.00000   0.00000   0.00000   0.00000   0.00000   0.00000   0.00000   0.01255   0.00000   0.00000   0.00000   0.00000   0.00000   0.19354   0.07617   0.01601   0.00000   0.00000   0.00000   0.10902   0.04762   0.05723   0.11188   0.01605   0.04146   0.00000   0.06485   0.00000   0.00000   1.14362   0.81021   0.79418  
 41 120.6707    173.828056  x:  0.00000   0.00000   0.00109   0.00000   0.05035   0.04923   0.00946   0.01625   0.04869   0.00000   0.02937   0.00000   0.00000   0.00000   0.00000   0.04091   0.12036   0.00118   0.02887   0.01116   0.05468   0.01408   0.00000   0.00251   0.08510   0.06102   0.02014   0.01206   0.05902   0.00000   0.00000   0.00000   0.04158   0.00000   0.02196   0.00507   0.00922   0.04180   0.04252   0.05637   0.00000   0.00000   0.04719   0.00000   0.00000   0.00000   0.00000   0.00000   0.00000   0.00000   0.00000   0.00000   0.00000   0.00000   0.00000   0.00000   0.00000   0.01069   0.00000   0.00000   0.00000   0.00000   0.00000   0.19426   0.07519   0.01835   0.00000   0.00000   0.00000   0.10927   0.04618   0.05551   0.11285   0.01411   0.03997   0.00000   0.06496   0.00000   0.00000   1.14478   0.81021   0.79451  
 42 170.9690    173.682385  x:  0.00000   0.00000   0.00025   0.00000   0.04954   0.04842   0.00863   0.01542   0.04788   0.00000   0.02854   0.00000   0.00000   0.00000   0.00000   0.04009   0.12055   0.00000   0.02788   0.01017   0.05371   0.01308   0.00000   0.00204   0.08508   0.06048   0.01907   0.01107   0.05805   0.00000   0.00000   0.00000   0.04076   0.00000   0.02113   0.00424   0.00840   0.04099   0.04171   0.05556   0.00000   0.00000   0.04702   0.00000   0.00000   0.00000   0.00000   0.00000   0.00000   0.00000   0.00000   0.00000   0.00000   0.00000   0.00000   0.00000   0.00000   0.00985   0.00000   0.00000   0.00000   0.00000   0.00000   0.19457   0.07478   0.01814   0.00000   0.00000   0.00000   0.10934   0.04668   0.05553   0.11329   0.01395   0.03902   0.00000   0.06502   0.00000   0.00000   1.14460   0.81021   0.79446  
 43 33.3425    173.645328  x:  0.00000   0.00000   0.00000   0.00000   0.04931   0.04819   0.00839   0.01518   0.04764   0.00000   0.02830   0.00000   0.00000   0.00000   0.00000   0.03985   0.12059   0.00000   0.02758   0.00986   0.05341   0.01277   0.00000   0.00192   0.08508   0.06035   0.01874   0.01076   0.05775   0.00000   0.00000   0.00000   0.04052   0.00000   0.02089   0.00399   0.00815   0.04075   0.04147   0.05532   0.00000   0.00000   0.04698   0.00000   0.00000   0.00000   0.00000   0.00000   0.00000   0.00000   0.00000   0.00000   0.00000   0.00000   0.00000   0.00000   0.00000   0.00960   0.00000   0.00000   0.00000   0.00000   0.00000   0.19465   0.07467   0.01809   0.00000   0.00000   0.00000   0.10936   0.04712   0.05575   0.11339   0.01409   0.03876   0.00000   0.06503   0.00000   0.00000   1.14469   0.81021   0.79450  
 44 90.6698    173.156344  x:  0.00000   0.00000   0.00000   0.00000   0.04638   0.04527   0.00535   0.01216   0.04470   0.00000   0.02530   0.00000   0.00000   0.00000   0.00000   0.03687   0.12114   0.00000   0.02373   0.00596   0.04962   0.00886   0.00000   0.00000   0.08516   0.05860   0.01450   0.00685   0.05396   0.00000   0.00000   0.00000   0.03753   0.00000   0.01786   0.00095   0.00514   0.03778   0.03851   0.05238   0.00000   0.00000   0.04635   0.00000   0.00000   0.00000   0.00000   0.00000   0.00000   0.00000   0.00000   0.00000   0.00000   0.00000   0.00000   0.00000   0.00000   0.00653   0.00000   0.00000   0.00000   0.00000   0.00000   0.19573   0.07328   0.01644   0.00000   0.00000   0.00000   0.10964   0.05104   0.05725   0.11479   0.01474   0.03530   0.00000   0.06527   0.00000   0.00000   1.14637   0.81021   0.79454  
 45 414.7756    172.972372  x:  0.00000   0.00000   0.00000   0.00000   0.04549   0.04438   0.00440   0.01121   0.04380   0.00000   0.02436   0.00000   0.00000   0.00000   0.00000   0.03594   0.12136   0.00000   0.02238   0.00459   0.04829   0.00747   0.00000   0.00000   0.08511   0.05566   0.01299   0.00548   0.05264   0.00000   0.00000   0.00000   0.03660   0.00000   0.01692   0.00000   0.00421   0.03687   0.03760   0.05148   0.00000   0.00000   0.04616   0.00000   0.00000   0.00000   0.00000   0.00000   0.00000   0.00000   0.00000   0.00000   0.00000   0.00000   0.00000   0.00000   0.00000   0.00557   0.00000   0.00000   0.00000   0.00000   0.00000   0.19612   0.07279   0.01527   0.00000   0.00000   0.00000   0.10973   0.05174   0.05726   0.11530   0.01444   0.03410   0.00000   0.06534   0.00000   0.00000   1.14641   0.81021   0.79432  
 46 72.8440    172.396553  x:  0.00000   0.00000   0.00000   0.00000   0.04321   0.04214   0.00189   0.00873   0.04149   0.00000   0.02189   0.00000   0.00000   0.00000   0.00000   0.03349   0.12192   0.00000   0.01788   0.00000   0.04389   0.00283   0.00000   0.00000   0.08511   0.04212   0.00784   0.00087   0.04824   0.00000   0.00000   0.00000   0.03414   0.00000   0.01440   0.00000   0.00179   0.03449   0.03523   0.04914   0.00000   0.00000   0.04555   0.00000   0.00000   0.00000   0.00000   0.00000   0.00000   0.00000   0.00000   0.00000   0.00000   0.00000   0.00000   0.00000   0.00000   0.00297   0.00000   0.00000   0.00000   0.00000   0.00000   0.19727   0.07139   0.01059   0.00000   0.00000   0.00000   0.11004   0.05231   0.05608   0.11687   0.01206   0.03084   0.00000   0.06561   0.00000   0.00000   1.14758   0.81021   0.79372  
 47 61.7183    172.299653  x:  0.00000   0.00000   0.00000   0.00000   0.04287   0.04181   0.00150   0.00834   0.04115   0.00000   0.02151   0.00000   0.00000   0.00000   0.00000   0.03311   0.12202   0.00000   0.01704   0.00000   0.04306   0.00195   0.00000   0.00000   0.08509   0.03957   0.00685   0.00000   0.04741   0.00000   0.00000   0.00000   0.03376   0.00000   0.01401   0.00000   0.00142   0.03413   0.03487   0.04879   0.00000   0.00000   0.04545   0.00000   0.00000   0.00000   0.00000   0.00000   0.00000   0.00000   0.00000   0.00000   0.00000   0.00000   0.00000   0.00000   0.00000   0.00256   0.00000   0.00000   0.00000   0.00000   0.00000   0.19746   0.07114   0.00975   0.00000   0.00000   0.00000   0.11009   0.05237   0.05589   0.11714   0.01158   0.03025   0.00000   0.06565   0.00000   0.00000   1.14766   0.81021   0.79366  
 48 164.3429    172.105137  x:  0.00000   0.00000   0.00000   0.00000   0.04219   0.04116   0.00070   0.00756   0.04046   0.00000   0.02073   0.00000   0.00000   0.00000   0.00000   0.03234   0.12222   0.00000   0.01517   0.00000   0.04123   0.00000   0.00000   0.00000   0.08506   0.03417   0.00465   0.00000   0.04558   0.00000   0.00000   0.00000   0.03299   0.00000   0.01321   0.00000   0.00068   0.03340   0.03415   0.04808   0.00000   0.00000   0.04525   0.00000   0.00000   0.00000   0.00000   0.00000   0.00000   0.00000   0.00000   0.00000   0.00000   0.00000   0.00000   0.00000   0.00000   0.00171   0.00000   0.00000   0.00000   0.00000   0.00000   0.19785   0.07065   0.00801   0.00000   0.00000   0.00000   0.11019   0.05248   0.05554   0.11767   0.01054   0.02902   0.00000   0.06574   0.00000   0.00000   1.14791   0.81021   0.79355  
 49 1194.4932    171.943506  x:  0.00000   0.00000   0.00000   0.00000   0.04161   0.04059   0.00000   0.00687   0.03986   0.00000   0.02004   0.00000   0.00000   0.00000   0.00000   0.03167   0.12239   0.00000   0.01350   0.00000   0.03959   0.00000   0.00000   0.00000   0.08503   0.02949   0.00269   0.00000   0.04395   0.00000   0.00000   0.00000   0.03231   0.00000   0.01250   0.00000   0.00004   0.03277   0.03352   0.04746   0.00000   0.00000   0.04508   0.00000   0.00000   0.00000   0.00000   0.00000   0.00000   0.00000   0.00000   0.00000   0.00000   0.00000   0.00000   0.00000   0.00000   0.00096   0.00000   0.00000   0.00000   0.00000   0.00000   0.19818   0.07023   0.00651   0.00000   0.00000   0.00000   0.11027   0.05259   0.05527   0.11813   0.00962   0.02796   0.00000   0.06581   0.00000   0.00000   1.14811   0.81021   0.79345  
 50 5050.7214    171.934256  x:  0.00000   0.00000   0.00000   0.00000   0.04157   0.04056   0.00000   0.00683   0.03983   0.00000   0.02001   0.00000   0.00000   0.00000   0.00000   0.03163   0.12240   0.00000   0.01341   0.00000   0.03950   0.00000   0.00000   0.00000   0.08503   0.02922   0.00258   0.00000   0.04386   0.00000   0.00000   0.00000   0.03227   0.00000   0.01246   0.00000   0.00000   0.03273   0.03348   0.04742   0.00000   0.00000   0.04507   0.00000   0.00000   0.00000   0.00000   0.00000   0.00000   0.00000   0.00000   0.00000   0.00000   0.00000   0.00000   0.00000   0.00000   0.00092   0.00000   0.00000   0.00000   0.00000   0.00000   0.19820   0.07020   0.00642   0.00000   0.00000   0.00000   0.11028   0.05260   0.05525   0.11816   0.00957   0.02789   0.00000   0.06581   0.00000   0.00000   1.14812   0.81021   0.79345  
 51 12444.5091    171.748932  x:  0.00000   0.00000   0.00000   0.00000   0.04083   0.03984   0.00000   0.00599   0.03907   0.00000   0.01916   0.00000   0.00000   0.00000   0.00000   0.03079   0.12262   0.00000   0.01148   0.00000   0.03761   0.00000   0.00000   0.00000   0.08499   0.02365   0.00032   0.00000   0.04197   0.00000   0.00000   0.00000   0.03143   0.00000   0.01159   0.00000   0.00000   0.03193   0.03269   0.04665   0.00000   0.00000   0.04488   0.00000   0.00000   0.00000   0.00000   0.00000   0.00000   0.00000   0.00000   0.00000   0.00000   0.00000   0.00000   0.00000   0.00000   0.00000   0.00000   0.00000   0.00000   0.00000   0.00000   0.19859   0.06969   0.00459   0.00000   0.00000   0.00000   0.11038   0.05273   0.05486   0.11870   0.00853   0.02664   0.00000   0.06590   0.00000   0.00000   1.14842   0.81021   0.79326  
 52 1294.3372    171.722696  x:  0.00000   0.00000   0.00000   0.00000   0.04071   0.03972   0.00000   0.00586   0.03895   0.00000   0.01903   0.00000   0.00000   0.00000   0.00000   0.03066   0.12265   0.00000   0.01121   0.00000   0.03734   0.00000   0.00000   0.00000   0.08498   0.02286   0.00000   0.00000   0.04171   0.00000   0.00000   0.00000   0.03130   0.00000   0.01145   0.00000   0.00000   0.03181   0.03257   0.04652   0.00000   0.00000   0.04485   0.00000   0.00000   0.00000   0.00000   0.00000   0.00000   0.00000   0.00000   0.00000   0.00000   0.00000   0.00000   0.00000   0.00000   0.00000   0.00000   0.00000   0.00000   0.00000   0.00000   0.19865   0.06962   0.00433   0.00000   0.00000   0.00000   0.11040   0.05276   0.05479   0.11878   0.00839   0.02647   0.00000   0.06591   0.00000   0.00000   1.14844   0.81021   0.79324  
 53 959.6888    171.285108  x:  0.00000   0.00000   0.00000   0.00000   0.03839   0.03744   0.00000   0.00338   0.03659   0.00000   0.01649   0.00000   0.00000   0.00000   0.00000   0.02815   0.12315   0.00000   0.00635   0.00000   0.03257   0.00000   0.00000   0.00000   0.08489   0.00945   0.00000   0.00000   0.03695   0.00000   0.00000   0.00000   0.02877   0.00000   0.00887   0.00000   0.00000   0.02940   0.03017   0.04413   0.00000   0.00000   0.04440   0.00000   0.00000   0.00000   0.00000   0.00000   0.00000   0.00000   0.00000   0.00000   0.00000   0.00000   0.00000   0.00000   0.00000   0.00000   0.00000   0.00000   0.00000   0.00000   0.00000   0.19959   0.06840   0.00000   0.00000   0.00000   0.00000   0.11064   0.05322   0.05357   0.12008   0.00620   0.02351   0.00000   0.06612   0.00000   0.00000   1.14907   0.81021   0.79285  
 54 478.1245    171.017489  x:  0.00000   0.00000   0.00000   0.00000   0.03659   0.03568   0.00000   0.00153   0.03477   0.00000   0.01457   0.00000   0.00000   0.00000   0.00000   0.02626   0.12347   0.00000   0.00300   0.00000   0.02929   0.00000   0.00000   0.00000   0.08484   0.00000   0.00000   0.00000   0.03368   0.00000   0.00000   0.00000   0.02686   0.00000   0.00692   0.00000   0.00000   0.02757   0.02834   0.04230   0.00000   0.00000   0.04406   0.00000   0.00000   0.00000   0.00000   0.00000   0.00000   0.00000   0.00000   0.00000   0.00000   0.00000   0.00000   0.00000   0.00000   0.00000   0.00000   0.00000   0.00000   0.00000   0.00000   0.20025   0.06756   0.00000   0.00000   0.00000   0.00000   0.11081   0.05385   0.05267   0.12099   0.00507   0.02182   0.00000   0.06626   0.00000   0.00000   1.14931   0.81021   0.79278  
 55 231.3372    170.848957  x:  0.00000   0.00000   0.00000   0.00000   0.03508   0.03421   0.00000   0.00000   0.03324   0.00000   0.01296   0.00000   0.00000   0.00000   0.00000   0.02466   0.12374   0.00000   0.00035   0.00000   0.02669   0.00000   0.00000   0.00000   0.08483   0.00000   0.00000   0.00000   0.03108   0.00000   0.00000   0.00000   0.02525   0.00000   0.00529   0.00000   0.00000   0.02604   0.02682   0.04075   0.00000   0.00000   0.04385   0.00000   0.00000   0.00000   0.00000   0.00000   0.00000   0.00000   0.00000   0.00000   0.00000   0.00000   0.00000   0.00000   0.00000   0.00000   0.00000   0.00000   0.00000   0.00000   0.00000   0.20076   0.06683   0.00000   0.00000   0.00000   0.00000   0.11094   0.05388   0.05117   0.12168   0.00401   0.02120   0.00000   0.06635   0.00000   0.00000   1.14929   0.81021   0.79259  
 56 24.9183    170.829273  x:  0.00000   0.00000   0.00000   0.00000   0.03487   0.03400   0.00000   0.00000   0.03303   0.00000   0.01274   0.00000   0.00000   0.00000   0.00000   0.02444   0.12376   0.00000   0.00000   0.00000   0.02635   0.00000   0.00000   0.00000   0.08483   0.00000   0.00000   0.00000   0.03075   0.00000   0.00000   0.00000   0.02503   0.00000   0.00506   0.00000   0.00000   0.02583   0.02661   0.04054   0.00000   0.00000   0.04382   0.00000   0.00000   0.00000   0.00000   0.00000   0.00000   0.00000   0.00000   0.00000   0.00000   0.00000   0.00000   0.00000   0.00000   0.00000   0.00000   0.00000   0.00000   0.00000   0.00000   0.20082   0.06676   0.00000   0.00000   0.00000   0.00000   0.11095   0.05388   0.05092   0.12176   0.00392   0.02118   0.00000   0.06636   0.00000   0.00000   1.14928   0.81021   0.79255  
 57 33.7581    170.438440  x:  0.00000   0.00000   0.00000   0.00000   0.03019   0.02947   0.00000   0.00000   0.02832   0.00000   0.00771   0.00000   0.00000   0.00000   0.00000   0.01947   0.12426   0.00000   0.00000   0.00000   0.01878   0.00000   0.00000   0.00000   0.08486   0.00000   0.00000   0.00000   0.02319   0.00000   0.00000   0.00000   0.02004   0.00000   0.00000   0.00000   0.00000   0.02119   0.02199   0.03574   0.00000   0.00000   0.04336   0.00000   0.00000   0.00000   0.00000   0.00000   0.00000   0.00000   0.00000   0.00000   0.00000   0.00000   0.00000   0.00000   0.00000   0.00000   0.00000   0.00000   0.00000   0.00000   0.00000   0.20187   0.06537   0.00000   0.00000   0.00000   0.00000   0.11122   0.05396   0.04428   0.12322   0.00350   0.02078   0.00000   0.06654   0.00000   0.00000   1.14886   0.81021   0.79203  
 58 53.1489    169.889236  x:  0.00000   0.00000   0.00000   0.00000   0.02303   0.02258   0.00000   0.00000   0.02113   0.00000   0.00000   0.00000   0.00000   0.00000   0.00000   0.01184   0.12494   0.00000   0.00000   0.00000   0.00716   0.00000   0.00000   0.00000   0.08494   0.00000   0.00000   0.00000   0.01157   0.00000   0.00000   0.00000   0.01239   0.00000   0.00000   0.00000   0.00000   0.01415   0.01496   0.02839   0.00000   0.00000   0.04271   0.00000   0.00000   0.00000   0.00000   0.00000   0.00000   0.00000   0.00000   0.00000   0.00000   0.00000   0.00000   0.00000   0.00000   0.00000   0.00000   0.00000   0.00000   0.00000   0.00000   0.20331   0.06345   0.00000   0.00000   0.00000   0.00000   0.11160   0.05418   0.03285   0.12528   0.00491   0.02019   0.00000   0.06681   0.00000   0.00000   1.14848   0.81021   0.79148  
 59 200.6772    169.576233  x:  0.00000   0.00000   0.00000   0.00000   0.01862   0.01835   0.00000   0.00000   0.01671   0.00000   0.00000   0.00000   0.00000   0.00000   0.00000   0.00714   0.12536   0.00000   0.00000   0.00000   0.00000   0.00000   0.00000   0.00000   0.08499   0.00000   0.00000   0.00000   0.00442   0.00000   0.00000   0.00000   0.00769   0.00000   0.00000   0.00000   0.00000   0.00983   0.01065   0.02387   0.00000   0.00000   0.04232   0.00000   0.00000   0.00000   0.00000   0.00000   0.00000   0.00000   0.00000   0.00000   0.00000   0.00000   0.00000   0.00000   0.00000   0.00000   0.00000   0.00000   0.00000   0.00000   0.00000   0.20419   0.06229   0.00000   0.00000   0.00000   0.00000   0.11182   0.05433   0.02564   0.12654   0.00603   0.01982   0.00000   0.06697   0.00000   0.00000   1.14822   0.81021   0.79115  
 60 7461.6652    169.406846  x:  0.00000   0.00000   0.00000   0.00000   0.01589   0.01573   0.00000   0.00000   0.01397   0.00000   0.00000   0.00000   0.00000   0.00000   0.00000   0.00422   0.12560   0.00000   0.00000   0.00000   0.00000   0.00000   0.00000   0.00000   0.08500   0.00000   0.00000   0.00000   0.00000   0.00000   0.00000   0.00000   0.00476   0.00000   0.00000   0.00000   0.00000   0.00714   0.00796   0.02106   0.00000   0.00000   0.04211   0.00000   0.00000   0.00000   0.00000   0.00000   0.00000   0.00000   0.00000   0.00000   0.00000   0.00000   0.00000   0.00000   0.00000   0.00000   0.00000   0.00000   0.00000   0.00000   0.00000   0.20470   0.06160   0.00000   0.00000   0.00000   0.00000   0.11195   0.05450   0.02134   0.12726   0.00679   0.01965   0.00000   0.06706   0.00000   0.00000   1.14807   0.81021   0.79094  
 61 302.8104    169.199022  x:  0.00000   0.00000   0.00000   0.00000   0.01195   0.01194   0.00000   0.00000   0.01001   0.00000   0.00000   0.00000   0.00000   0.00000   0.00000   0.00000   0.12592   0.00000   0.00000   0.00000   0.00000   0.00000   0.00000   0.00000   0.08501   0.00000   0.00000   0.00000   0.00000   0.00000   0.00000   0.00000   0.00054   0.00000   0.00000   0.00000   0.00000   0.00324   0.00407   0.01701   0.00000   0.00000   0.04184   0.00000   0.00000   0.00000   0.00000   0.00000   0.00000   0.00000   0.00000   0.00000   0.00000   0.00000   0.00000   0.00000   0.00000   0.00000   0.00000   0.00000   0.00000   0.00000   0.00000   0.20536   0.06069   0.00000   0.00000   0.00000   0.00000   0.11211   0.05486   0.01554   0.12819   0.00791   0.01949   0.00000   0.06717   0.00000   0.00000   1.14785   0.81021   0.79068  
 62 222.2929    169.176047  x:  0.00000   0.00000   0.00000   0.00000   0.01146   0.01146   0.00000   0.00000   0.00951   0.00000   0.00000   0.00000   0.00000   0.00000   0.00000   0.00000   0.12595   0.00000   0.00000   0.00000   0.00000   0.00000   0.00000   0.00000   0.08502   0.00000   0.00000   0.00000   0.00000   0.00000   0.00000   0.00000   0.00000   0.00000   0.00000   0.00000   0.00000   0.00275   0.00358   0.01650   0.00000   0.00000   0.04180   0.00000   0.00000   0.00000   0.00000   0.00000   0.00000   0.00000   0.00000   0.00000   0.00000   0.00000   0.00000   0.00000   0.00000   0.00000   0.00000   0.00000   0.00000   0.00000   0.00000   0.20544   0.06058   0.00000   0.00000   0.00000   0.00000   0.11213   0.05491   0.01485   0.12830   0.00806   0.01948   0.00000   0.06719   0.00000   0.00000   1.14782   0.81021   0.79064  
 63 690.4644    169.065847  x:  0.00000   0.00000   0.00000   0.00000   0.00870   0.00880   0.00000   0.00000   0.00674   0.00000   0.00000   0.00000   0.00000   0.00000   0.00000   0.00000   0.12615   0.00000   0.00000   0.00000   0.00000   0.00000   0.00000   0.00000   0.08502   0.00000   0.00000   0.00000   0.00000   0.00000   0.00000   0.00000   0.00000   0.00000   0.00000   0.00000   0.00000   0.00000   0.00085   0.01365   0.00000   0.00000   0.04164   0.00000   0.00000   0.00000   0.00000   0.00000   0.00000   0.00000   0.00000   0.00000   0.00000   0.00000   0.00000   0.00000   0.00000   0.00000   0.00000   0.00000   0.00000   0.00000   0.00000   0.20584   0.06002   0.00000   0.00000   0.00000   0.00000   0.11222   0.05522   0.01115   0.12886   0.00885   0.01942   0.00000   0.06726   0.00000   0.00000   1.14768   0.81021   0.79046  
 64 530.5585    169.037170  x:  0.00000   0.00000   0.00000   0.00000   0.00785   0.00798   0.00000   0.00000   0.00589   0.00000   0.00000   0.00000   0.00000   0.00000   0.00000   0.00000   0.12620   0.00000   0.00000   0.00000   0.00000   0.00000   0.00000   0.00000   0.08502   0.00000   0.00000   0.00000   0.00000   0.00000   0.00000   0.00000   0.00000   0.00000   0.00000   0.00000   0.00000   0.00000   0.00000   0.01278   0.00000   0.00000   0.04160   0.00000   0.00000   0.00000   0.00000   0.00000   0.00000   0.00000   0.00000   0.00000   0.00000   0.00000   0.00000   0.00000   0.00000   0.00000   0.00000   0.00000   0.00000   0.00000   0.00000   0.20595   0.05986   0.00000   0.00000   0.00000   0.00000   0.11225   0.05531   0.01008   0.12902   0.00908   0.01941   0.00000   0.06728   0.00000   0.00000   1.14764   0.81021   0.79040  
 65 451.3560    168.876082  x:  0.00000   0.00000   0.00000   0.00000   0.00199   0.00232   0.00000   0.00000   0.00000   0.00000   0.00000   0.00000   0.00000   0.00000   0.00000   0.00000   0.12656   0.00000   0.00000   0.00000   0.00000   0.00000   0.00000   0.00000   0.08502   0.00000   0.00000   0.00000   0.00000   0.00000   0.00000   0.00000   0.00000   0.00000   0.00000   0.00000   0.00000   0.00000   0.00000   0.00676   0.00000   0.00000   0.04133   0.00000   0.00000   0.00000   0.00000   0.00000   0.00000   0.00000   0.00000   0.00000   0.00000   0.00000   0.00000   0.00000   0.00000   0.00000   0.00000   0.00000   0.00000   0.00000   0.00000   0.20667   0.05884   0.00000   0.00000   0.00000   0.00000   0.11242   0.05604   0.00325   0.13002   0.01066   0.01943   0.00000   0.06740   0.00000   0.00000   1.14735   0.81021   0.78997  
 66 301.1589    168.834500  x:  0.00000   0.00000   0.00000   0.00000   0.00000   0.00039   0.00000   0.00000   0.00000   0.00000   0.00000   0.00000   0.00000   0.00000   0.00000   0.00000   0.12667   0.00000   0.00000   0.00000   0.00000   0.00000   0.00000   0.00000   0.08502   0.00000   0.00000   0.00000   0.00000   0.00000   0.00000   0.00000   0.00000   0.00000   0.00000   0.00000   0.00000   0.00000   0.00000   0.00472   0.00000   0.00000   0.04125   0.00000   0.00000   0.00000   0.00000   0.00000   0.00000   0.00000   0.00000   0.00000   0.00000   0.00000   0.00000   0.00000   0.00000   0.00000   0.00000   0.00000   0.00000   0.00000   0.00000   0.20689   0.05852   0.00000   0.00000   0.00000   0.00000   0.11247   0.05631   0.00116   0.13032   0.01115   0.01947   0.00000   0.06743   0.00000   0.00000   1.14726   0.81021   0.78983  
 67 187.0415    168.828919  x:  0.00000   0.00000   0.00000   0.00000   0.00000   0.00000   0.00000   0.00000   0.00000   0.00000   0.00000   0.00000   0.00000   0.00000   0.00000   0.00000   0.12669   0.00000   0.00000   0.00000   0.00000   0.00000   0.00000   0.00000   0.08502   0.00000   0.00000   0.00000   0.00000   0.00000   0.00000   0.00000   0.00000   0.00000   0.00000   0.00000   0.00000   0.00000   0.00000   0.00431   0.00000   0.00000   0.04123   0.00000   0.00000   0.00000   0.00000   0.00000   0.00000   0.00000   0.00000   0.00000   0.00000   0.00000   0.00000   0.00000   0.00000   0.00000   0.00000   0.00000   0.00000   0.00000   0.00000   0.20693   0.05847   0.00000   0.00000   0.00000   0.00000   0.11247   0.05636   0.00080   0.13037   0.01124   0.01949   0.00000   0.06744   0.00000   0.00000   1.14724   0.81021   0.78981  
 68 109.2827    168.821087  x:  0.00000   0.00000   0.00000   0.00000   0.00000   0.00000   0.00000   0.00000   0.00000   0.00000   0.00000   0.00000   0.00000   0.00000   0.00000   0.00000   0.12673   0.00000   0.00000   0.00000   0.00000   0.00000   0.00000   0.00000   0.08501   0.00000   0.00000   0.00000   0.00000   0.00000   0.00000   0.00000   0.00000   0.00000   0.00000   0.00000   0.00000   0.00000   0.00000   0.00318   0.00000   0.00000   0.04121   0.00000   0.00000   0.00000   0.00000   0.00000   0.00000   0.00000   0.00000   0.00000   0.00000   0.00000   0.00000   0.00000   0.00000   0.00000   0.00000   0.00000   0.00000   0.00000   0.00000   0.20701   0.05834   0.00000   0.00000   0.00000   0.00000   0.11249   0.05654   0.00000   0.13047   0.01146   0.01956   0.00000   0.06745   0.00000   0.00000   1.14719   0.81021   0.78976  
 69 48.9462    168.811023  x:  0.00000   0.00000   0.00000   0.00000   0.00000   0.00000   0.00000   0.00000   0.00000   0.00000   0.00000   0.00000   0.00000   0.00000   0.00000   0.00000   0.12683   0.00000   0.00000   0.00000   0.00000   0.00000   0.00000   0.00000   0.08498   0.00000   0.00000   0.00000   0.00000   0.00000   0.00000   0.00000   0.00000   0.00000   0.00000   0.00000   0.00000   0.00000   0.00000   0.00000   0.00000   0.00000   0.04116   0.00000   0.00000   0.00000   0.00000   0.00000   0.00000   0.00000   0.00000   0.00000   0.00000   0.00000   0.00000   0.00000   0.00000   0.00000   0.00000   0.00000   0.00000   0.00000   0.00000   0.20720   0.05800   0.00000   0.00000   0.00000   0.00000   0.11253   0.05662   0.00000   0.13069   0.01177   0.01985   0.00000   0.06748   0.00000   0.00000   1.14702   0.81021   0.78971  
 70 31.0027    168.811023  x:  0.00000   0.00000   0.00000   0.00000   0.00000   0.00000   0.00000   0.00000   0.00000   0.00000   0.00000   0.00000   0.00000   0.00000   0.00000   0.00000   0.12683   0.00000   0.00000   0.00000   0.00000   0.00000   0.00000   0.00000   0.08498   0.00000   0.00000   0.00000   0.00000   0.00000   0.00000   0.00000   0.00000   0.00000   0.00000   0.00000   0.00000   0.00000   0.00000   0.00000   0.00000   0.00000   0.04116   0.00000   0.00000   0.00000   0.00000   0.00000   0.00000   0.00000   0.00000   0.00000   0.00000   0.00000   0.00000   0.00000   0.00000   0.00000   0.00000   0.00000   0.00000   0.00000   0.00000   0.20720   0.05800   0.00000   0.00000   0.00000   0.00000   0.11253   0.05662   0.00000   0.13069   0.01177   0.01985   0.00000   0.06748   0.00000   0.00000   1.14702   0.81021   0.78971  
 71  1.3342    168.039814  x:  0.00000   0.00000   0.00000   0.00000   0.00000   0.00000   0.00000   0.00000   0.00000   0.00000   0.00000   0.00000   0.00000   0.00000   0.00000   0.00000   0.12900   0.00000   0.00000   0.00000   0.00000   0.00000   0.00000   0.00000   0.09008   0.00000   0.00000   0.00000   0.00000   0.00000   0.00000   0.00000   0.00000   0.00000   0.00000   0.00000   0.00000   0.00000   0.00000   0.00000   0.00000   0.00000   0.03805   0.00000   0.00000   0.00000   0.00000   0.00000   0.00000   0.00000   0.00000   0.00000   0.00000   0.00000   0.00000   0.00000   0.00000   0.00000   0.00000   0.00000   0.00000   0.00000   0.00000   0.21320   0.05403   0.00000   0.00000   0.00000   0.00000   0.11515   0.05291   0.00000   0.13240   0.00805   0.00000   0.00000   0.06793   0.00000   0.00000   1.14748   0.81021   0.79098  
 72 33.8801    167.753462  x:  0.00000   0.00000   0.00000   0.00000   0.00000   0.00000   0.00000   0.00000   0.00000   0.00000   0.00000   0.00000   0.00000   0.00000   0.00000   0.00000   0.13287   0.00000   0.00000   0.00000   0.00000   0.00000   0.00000   0.00000   0.09704   0.00000   0.00000   0.00000   0.00000   0.00000   0.00000   0.00000   0.00000   0.00000   0.00000   0.00000   0.00000   0.00000   0.00000   0.00000   0.00000   0.00000   0.04325   0.00000   0.00000   0.00000   0.00000   0.00000   0.00000   0.00000   0.00000   0.00000   0.00000   0.00000   0.00000   0.00000   0.00000   0.00000   0.00000   0.00000   0.00000   0.00000   0.00000   0.22354   0.04528   0.00000   0.00000   0.00000   0.00000   0.11954   0.04489   0.00000   0.13549   0.00000   0.00000   0.00000   0.06772   0.00000   0.00000   1.14850   0.81021   0.79362  
 73 52.0412    167.155841  x:  0.00000   0.00000   0.00000   0.00000   0.00000   0.00000   0.00000   0.00000   0.00000   0.00000   0.00000   0.00000   0.00000   0.00000   0.00000   0.00000   0.14072   0.00000   0.00000   0.00000   0.00000   0.00000   0.00000   0.00000   0.08482   0.00000   0.00000   0.00000   0.00000   0.00000   0.00000   0.00000   0.00000   0.00000   0.00000   0.00000   0.00000   0.00000   0.00000   0.00000   0.00000   0.00000   0.04221   0.00000   0.00000   0.00000   0.00000   0.00000   0.00000   0.00000   0.00000   0.00000   0.00000   0.00000   0.00000   0.00000   0.00000   0.00000   0.00000   0.00000   0.00000   0.00000   0.00000   0.24019   0.00000   0.00000   0.00000   0.00000   0.00000   0.12396   0.00456   0.00000   0.14230   0.00000   0.00000   0.00000   0.06264   0.00000   0.00000   1.15339   0.81021   0.80555  
 74 18.3800    167.120189  x:  0.00000   0.00000   0.00000   0.00000   0.00000   0.00000   0.00000   0.00000   0.00000   0.00000   0.00000   0.00000   0.00000   0.00000   0.00000   0.00000   0.14124   0.00000   0.00000   0.00000   0.00000   0.00000   0.00000   0.00000   0.08397   0.00000   0.00000   0.00000   0.00000   0.00000   0.00000   0.00000   0.00000   0.00000   0.00000   0.00000   0.00000   0.00000   0.00000   0.00000   0.00000   0.00000   0.04221   0.00000   0.00000   0.00000   0.00000   0.00000   0.00000   0.00000   0.00000   0.00000   0.00000   0.00000   0.00000   0.00000   0.00000   0.00000   0.00000   0.00000   0.00000   0.00000   0.00000   0.24146   0.00000   0.00000   0.00000   0.00000   0.00000   0.12407   0.00000   0.00000   0.14277   0.00000   0.00000   0.00000   0.06351   0.00000   0.00000   1.15393   0.81021   0.80687  
 75 67.3140    166.463072  x:  0.00000   0.00000   0.00000   0.00000   0.00000   0.00000   0.00000   0.00000   0.00000   0.00000   0.00000   0.00000   0.00000   0.00000   0.00000   0.00000   0.16458   0.00000   0.00000   0.00000   0.00000   0.00000   0.00000   0.00000   0.10823   0.00000   0.00000   0.00000   0.00000   0.00000   0.00000   0.00000   0.00000   0.00000   0.00000   0.00000   0.00000   0.00000   0.00000   0.00000   0.00000   0.00000   0.03822   0.00000   0.00000   0.00000   0.00000   0.00000   0.00000   0.00000   0.00000   0.00000   0.00000   0.00000   0.00000   0.00000   0.00000   0.00000   0.00000   0.00000   0.00000   0.00000   0.00000   0.32326   0.00000   0.00000   0.00000   0.00000   0.00000   0.06965   0.00000   0.00000   0.17195   0.00000   0.00000   0.00000   0.04833   0.00000   0.00000   1.27480   0.81021   1.10191  
 76  5.2156    165.747479  x:  0.00000   0.00000   0.00000   0.00000   0.00000   0.00000   0.00000   0.00000   0.00000   0.00000   0.00000   0.00000   0.00000   0.00000   0.00000   0.00000   0.18927   0.00000   0.00000   0.00000   0.00000   0.00000   0.00000   0.00000   0.14042   0.00000   0.00000   0.00000   0.00000   0.00000   0.00000   0.00000   0.00000   0.00000   0.00000   0.00000   0.00000   0.00000   0.00000   0.00000   0.00000   0.00000   0.03227   0.00000   0.00000   0.00000   0.00000   0.00000   0.00000   0.00000   0.00000   0.00000   0.00000   0.00000   0.00000   0.00000   0.00000   0.00000   0.00000   0.00000   0.00000   0.00000   0.00000   0.35382   0.00000   0.00000   0.00000   0.00000   0.00000   0.21976   0.00000   0.00000   0.19818   0.00000   0.00000   0.00000   0.04097   0.00000   0.00000   1.47647   0.81021   1.58084  
 77 16.4318    165.680553  x:  0.00000   0.00000   0.00000   0.00000   0.00000   0.00000   0.00000   0.00000   0.00000   0.00000   0.00000   0.00000   0.00000   0.00000   0.00000   0.00000   0.25061   0.00000   0.00000   0.00000   0.00000   0.00000   0.00000   0.00000   0.14932   0.00000   0.00000   0.00000   0.00000   0.00000   0.00000   0.00000   0.00000   0.00000   0.00000   0.00000   0.00000   0.00000   0.00000   0.00000   0.00000   0.00000   0.03240   0.00000   0.00000   0.00000   0.00000   0.00000   0.00000   0.00000   0.00000   0.00000   0.00000   0.00000   0.00000   0.00000   0.00000   0.00000   0.00000   0.00000   0.00000   0.00000   0.00000   0.33062   0.00000   0.00000   0.00000   0.00000   0.00000   0.21669   0.00000   0.00000   0.20780   0.00000   0.00000   0.00000   0.04742   0.00000   0.00000   1.50027   0.81021   1.60940  
 78  0.7782    165.666791  x:  0.00000   0.00529   0.00000   0.00000   0.00000   0.00000   0.00000   0.00000   0.00000   0.00000   0.00000   0.00000   0.00000   0.00000   0.00000   0.00000   0.25035   0.00000   0.00000   0.00000   0.00000   0.00000   0.00000   0.00000   0.14934   0.00000   0.00000   0.00000   0.00000   0.00000   0.00000   0.00000   0.00000   0.00000   0.00000   0.00000   0.00000   0.00000   0.00000   0.00000   0.00000   0.00000   0.03240   0.00000   0.00000   0.00000   0.00000   0.00000   0.00000   0.00000   0.00000   0.00000   0.00000   0.00000   0.00000   0.00000   0.00000   0.00000   0.00000   0.00000   0.00000   0.00000   0.00000   0.33085   0.00000   0.00000   0.00000   0.00000   0.00000   0.21672   0.00000   0.00000   0.20753   0.00000   0.00000   0.00000   0.04747   0.00000   0.00000   1.50058   0.81021   1.60964  
 79  5.2471    165.462403  x:  0.00000   0.00610   0.00000   0.00000   0.00000   0.00000   0.00000   0.00000   0.00000   0.00000   0.00000   0.00000   0.00000   0.00000   0.00000   0.00000   0.20487   0.00000   0.00000   0.00000   0.00000   0.00000   0.00000   0.00000   0.15648   0.00000   0.00000   0.00000   0.00000   0.00000   0.00000   0.00000   0.00000   0.00000   0.00000   0.00000   0.00000   0.00000   0.00000   0.00000   0.00000   0.00000   0.03131   0.00000   0.00000   0.00000   0.00000   0.00000   0.00000   0.00000   0.00000   0.00000   0.00000   0.00000   0.00000   0.00000   0.00000   0.00000   0.00000   0.00000   0.00000   0.00000   0.00000   0.38101   0.00000   0.00000   0.00000   0.00000   0.00000   0.22337   0.00000   0.00000   0.14444   0.00000   0.00000   0.00000   0.06262   0.00000   0.00000   1.58655   0.81021   1.67885  
 80  0.6122    165.417275  x:  0.00000   0.00645   0.00000   0.00000   0.00000   0.00000   0.00000   0.00000   0.00000   0.00000   0.00000   0.00000   0.00000   0.00000   0.00000   0.00000   0.17390   0.00000   0.00000   0.00000   0.00000   0.00000   0.00000   0.00000   0.16087   0.00000   0.00000   0.00000   0.00000   0.00000   0.00000   0.00000   0.00000   0.00000   0.00000   0.00000   0.00000   0.00000   0.00000   0.00000   0.00000   0.00000   0.03093   0.00000   0.00000   0.00000   0.00000   0.00000   0.00000   0.00000   0.00000   0.00000   0.00000   0.00000   0.00000   0.00000   0.00000   0.00000   0.00000   0.00000   0.00000   0.00000   0.00000   0.38391   0.00000   0.00000   0.00000   0.00000   0.00000   0.22404   0.00000   0.00000   0.18396   0.00000   0.00000   0.00000   0.06717   0.00000   0.00000   1.60571   0.81021   1.69448  
 81  1.4891    165.335451  x:  0.00000   0.01553   0.00000   0.00000   0.00000   0.00000   0.00000   0.00000   0.00000   0.00000   0.00000   0.00000   0.00000   0.00000   0.00000   0.00000   0.23282   0.00000   0.00000   0.00000   0.00000   0.00000   0.00000   0.00000   0.20064   0.00000   0.00000   0.00000   0.00000   0.00000   0.00000   0.00000   0.00000   0.00000   0.00000   0.00000   0.00000   0.00000   0.00000   0.00000   0.00000   0.00000   0.02065   0.00000   0.00000   0.00000   0.00000   0.00000   0.00000   0.00000   0.00000   0.00000   0.00000   0.00000   0.00000   0.00000   0.00000   0.00000   0.00000   0.00000   0.00000   0.00000   0.00000   0.41147   0.00000   0.00000   0.00000   0.00000   0.00000   0.21350   0.00000   0.00000   0.20318   0.00000   0.00000   0.00000   0.07292   0.00000   0.00000   1.59167   0.81021   1.77957  
 82  0.0617    165.224299  x:  0.00000   0.03392   0.00000   0.00000   0.00000   0.00000   0.00000   0.00000   0.00000   0.00000   0.00000   0.00000   0.00000   0.00000   0.00000   0.00000   0.19997   0.00000   0.00000   0.00000   0.00000   0.00000   0.00000   0.00000   0.23110   0.00000   0.00000   0.00000   0.00000   0.00000   0.00000   0.00000   0.00000   0.00000   0.00000   0.00000   0.00000   0.00000   0.00000   0.00000   0.00000   0.00000   0.00000   0.00000   0.00000   0.00000   0.00000   0.00000   0.00000   0.00000   0.00000   0.00000   0.00000   0.00000   0.00000   0.00000   0.00000   0.00000   0.00000   0.00000   0.00000   0.00000   0.00000   0.41485   0.00000   0.00000   0.00000   0.00000   0.00000   0.19526   0.00000   0.00000   0.18704   0.00000   0.00000   0.00000   0.07489   0.00000   0.00000   1.55852   0.81021   2.03409  
 83  0.1060    165.216527  x:  0.00000   0.03080   0.00000   0.00000   0.00000   0.00000   0.00000   0.00000   0.00000   0.00000   0.00000   0.00000   0.00000   0.00000   0.00000   0.00000   0.19523   0.00000   0.00000   0.00000   0.00000   0.00000   0.00000   0.00000   0.22435   0.00000   0.00000   0.00000   0.00000   0.00000   0.00000   0.00000   0.00000   0.00000   0.00000   0.00000   0.00000   0.00000   0.00000   0.00000   0.00000   0.00000   0.00000   0.00000   0.00000   0.00000   0.00000   0.00000   0.00000   0.00000   0.00000   0.00000   0.00000   0.00000   0.00000   0.00000   0.00000   0.00000   0.00000   0.00000   0.00000   0.00000   0.00000   0.40415   0.00000   0.00000   0.00000   0.00000   0.00000   0.19636   0.00000   0.00000   0.18585   0.00000   0.00000   0.00000   0.07246   0.00000   0.00000   1.55959   0.81021   2.04707  
 84  0.0279    165.208299  x:  0.00000   0.03304   0.00000   0.00000   0.00000   0.00000   0.00000   0.00000   0.00000   0.00000   0.00000   0.00000   0.00000   0.00000   0.00000   0.00000   0.18663   0.00000   0.00000   0.00000   0.00000   0.00000   0.00000   0.00000   0.22328   0.00000   0.00000   0.00000   0.00000   0.00000   0.00000   0.00000   0.00000   0.00000   0.00000   0.00000   0.00000   0.00000   0.00000   0.00000   0.00000   0.00000   0.00000   0.00000   0.00000   0.00000   0.00000   0.00000   0.00000   0.00000   0.00000   0.00000   0.00000   0.00000   0.00000   0.00000   0.00000   0.00000   0.00000   0.00000   0.00000   0.00000   0.00000   0.39006   0.00000   0.00000   0.00000   0.00000   0.00000   0.19331   0.00000   0.00000   0.18287   0.00000   0.00000   0.00000   0.06944   0.00000   0.00000   1.55680   0.81021   2.13275  
 85  0.2793    165.204171  x:  0.00000   0.03298   0.00000   0.00000   0.00000   0.00000   0.00000   0.00000   0.00000   0.00000   0.00000   0.00000   0.00000   0.00000   0.00000   0.00000   0.19921   0.00000   0.00000   0.00000   0.00000   0.00000   0.00000   0.00000   0.22465   0.00000   0.00000   0.00000   0.00000   0.00000   0.00000   0.00000   0.00000   0.00000   0.00000   0.00000   0.00000   0.00000   0.00000   0.00000   0.00000   0.00000   0.00000   0.00000   0.00000   0.00000   0.00000   0.00000   0.00000   0.00000   0.00000   0.00000   0.00000   0.00000   0.00000   0.00000   0.00000   0.00000   0.00000   0.00000   0.00000   0.00000   0.00000   0.38955   0.00000   0.00000   0.00000   0.00000   0.00000   0.19198   0.00000   0.00000   0.18940   0.00000   0.00000   0.00000   0.06805   0.00000   0.00000   1.56462   0.81021   2.22200  
 86  0.0416    165.201090  x:  0.00000   0.03243   0.00000   0.00000   0.00000   0.00000   0.00000   0.00000   0.00000   0.00000   0.00000   0.00000   0.00000   0.00000   0.00000   0.00000   0.19142   0.00000   0.00000   0.00000   0.00000   0.00000   0.00000   0.00000   0.22270   0.00000   0.00000   0.00000   0.00000   0.00000   0.00000   0.00000   0.00000   0.00000   0.00000   0.00000   0.00000   0.00000   0.00000   0.00000   0.00000   0.00000   0.00000   0.00000   0.00000   0.00000   0.00000   0.00000   0.00000   0.00000   0.00000   0.00000   0.00000   0.00000   0.00000   0.00000   0.00000   0.00000   0.00000   0.00000   0.00000   0.00000   0.00000   0.39604   0.00000   0.00000   0.00000   0.00000   0.00000   0.19204   0.00000   0.00000   0.18880   0.00000   0.00000   0.00000   0.06856   0.00000   0.00000   1.56830   0.81021   2.35736  
 87  0.0489    165.200691  x:  0.00000   0.03253   0.00000   0.00000   0.00000   0.00000   0.00000   0.00000   0.00000   0.00000   0.00000   0.00000   0.00000   0.00000   0.00000   0.00000   0.19334   0.00000   0.00000   0.00000   0.00000   0.00000   0.00000   0.00000   0.21970   0.00000   0.00000   0.00000   0.00000   0.00000   0.00000   0.00000   0.00000   0.00000   0.00000   0.00000   0.00000   0.00000   0.00000   0.00000   0.00000   0.00000   0.00000   0.00000   0.00000   0.00000   0.00000   0.00000   0.00000   0.00000   0.00000   0.00000   0.00000   0.00000   0.00000   0.00000   0.00000   0.00000   0.00000   0.00000   0.00000   0.00000   0.00000   0.39284   0.00000   0.00000   0.00000   0.00000   0.00000   0.19086   0.00000   0.00000   0.18676   0.00000   0.00000   0.00000   0.06856   0.00000   0.00000   1.56452   0.81021   2.39176  
 88  0.0167    165.200608  x:  0.00000   0.03255   0.00000   0.00000   0.00000   0.00000   0.00000   0.00000   0.00000   0.00000   0.00000   0.00000   0.00000   0.00000   0.00000   0.00000   0.19326   0.00000   0.00000   0.00000   0.00000   0.00000   0.00000   0.00000   0.21814   0.00000   0.00000   0.00000   0.00000   0.00000   0.00000   0.00000   0.00000   0.00000   0.00000   0.00000   0.00000   0.00000   0.00000   0.00000   0.00000   0.00000   0.00000   0.00000   0.00000   0.00000   0.00000   0.00000   0.00000   0.00000   0.00000   0.00000   0.00000   0.00000   0.00000   0.00000   0.00000   0.00000   0.00000   0.00000   0.00000   0.00000   0.00000   0.39365   0.00000   0.00000   0.00000   0.00000   0.00000   0.19070   0.00000   0.00000   0.18710   0.00000   0.00000   0.00000   0.06903   0.00000   0.00000   1.56667   0.81021   2.38958  
 89  0.0020    165.200592  x:  0.00000   0.03256   0.00000   0.00000   0.00000   0.00000   0.00000   0.00000   0.00000   0.00000   0.00000   0.00000   0.00000   0.00000   0.00000   0.00000   0.19312   0.00000   0.00000   0.00000   0.00000   0.00000   0.00000   0.00000   0.21736   0.00000   0.00000   0.00000   0.00000   0.00000   0.00000   0.00000   0.00000   0.00000   0.00000   0.00000   0.00000   0.00000   0.00000   0.00000   0.00000   0.00000   0.00000   0.00000   0.00000   0.00000   0.00000   0.00000   0.00000   0.00000   0.00000   0.00000   0.00000   0.00000   0.00000   0.00000   0.00000   0.00000   0.00000   0.00000   0.00000   0.00000   0.00000   0.39358   0.00000   0.00000   0.00000   0.00000   0.00000   0.19066   0.00000   0.00000   0.18749   0.00000   0.00000   0.00000   0.06889   0.00000   0.00000   1.56673   0.81021   2.38386  
 90  0.0033    165.200591  x:  0.00000   0.03258   0.00000   0.00000   0.00000   0.00000   0.00000   0.00000   0.00000   0.00000   0.00000   0.00000   0.00000   0.00000   0.00000   0.00000   0.19320   0.00000   0.00000   0.00000   0.00000   0.00000   0.00000   0.00000   0.21735   0.00000   0.00000   0.00000   0.00000   0.00000   0.00000   0.00000   0.00000   0.00000   0.00000   0.00000   0.00000   0.00000   0.00000   0.00000   0.00000   0.00000   0.00000   0.00000   0.00000   0.00000   0.00000   0.00000   0.00000   0.00000   0.00000   0.00000   0.00000   0.00000   0.00000   0.00000   0.00000   0.00000   0.00000   0.00000   0.00000   0.00000   0.00000   0.39377   0.00000   0.00000   0.00000   0.00000   0.00000   0.19065   0.00000   0.00000   0.18745   0.00000   0.00000   0.00000   0.06887   0.00000   0.00000   1.56657   0.81021   2.38388  
 91  0.0002    165.200591  x:  0.00000   0.03257   0.00000   0.00000   0.00000   0.00000   0.00000   0.00000   0.00000   0.00000   0.00000   0.00000   0.00000   0.00000   0.00000   0.00000   0.19319   0.00000   0.00000   0.00000   0.00000   0.00000   0.00000   0.00000   0.21734   0.00000   0.00000   0.00000   0.00000   0.00000   0.00000   0.00000   0.00000   0.00000   0.00000   0.00000   0.00000   0.00000   0.00000   0.00000   0.00000   0.00000   0.00000   0.00000   0.00000   0.00000   0.00000   0.00000   0.00000   0.00000   0.00000   0.00000   0.00000   0.00000   0.00000   0.00000   0.00000   0.00000   0.00000   0.00000   0.00000   0.00000   0.00000   0.39377   0.00000   0.00000   0.00000   0.00000   0.00000   0.19065   0.00000   0.00000   0.18743   0.00000   0.00000   0.00000   0.06887   0.00000   0.00000   1.56660   0.81021   2.38394  
 92  0.0001    165.200591  x:  0.00000   0.03257   0.00000   0.00000   0.00000   0.00000   0.00000   0.00000   0.00000   0.00000   0.00000   0.00000   0.00000   0.00000   0.00000   0.00000   0.19320   0.00000   0.00000   0.00000   0.00000   0.00000   0.00000   0.00000   0.21734   0.00000   0.00000   0.00000   0.00000   0.00000   0.00000   0.00000   0.00000   0.00000   0.00000   0.00000   0.00000   0.00000   0.00000   0.00000   0.00000   0.00000   0.00000   0.00000   0.00000   0.00000   0.00000   0.00000   0.00000   0.00000   0.00000   0.00000   0.00000   0.00000   0.00000   0.00000   0.00000   0.00000   0.00000   0.00000   0.00000   0.00000   0.00000   0.39377   0.00000   0.00000   0.00000   0.00000   0.00000   0.19065   0.00000   0.00000   0.18743   0.00000   0.00000   0.00000   0.06887   0.00000   0.00000   1.56661   0.81021   2.38390  
 93  0.0000    165.200591  x:  0.00000   0.03257   0.00000   0.00000   0.00000   0.00000   0.00000   0.00000   0.00000   0.00000   0.00000   0.00000   0.00000   0.00000   0.00000   0.00000   0.19320   0.00000   0.00000   0.00000   0.00000   0.00000   0.00000   0.00000   0.21734   0.00000   0.00000   0.00000   0.00000   0.00000   0.00000   0.00000   0.00000   0.00000   0.00000   0.00000   0.00000   0.00000   0.00000   0.00000   0.00000   0.00000   0.00000   0.00000   0.00000   0.00000   0.00000   0.00000   0.00000   0.00000   0.00000   0.00000   0.00000   0.00000   0.00000   0.00000   0.00000   0.00000   0.00000   0.00000   0.00000   0.00000   0.00000   0.39378   0.00000   0.00000   0.00000   0.00000   0.00000   0.19064   0.00000   0.00000   0.18743   0.00000   0.00000   0.00000   0.06887   0.00000   0.00000   1.56660   0.81021   2.38391  
 94  0.0000    165.200591  x:  0.00000   0.03257   0.00000   0.00000   0.00000   0.00000   0.00000   0.00000   0.00000   0.00000   0.00000   0.00000   0.00000   0.00000   0.00000   0.00000   0.19320   0.00000   0.00000   0.00000   0.00000   0.00000   0.00000   0.00000   0.21734   0.00000   0.00000   0.00000   0.00000   0.00000   0.00000   0.00000   0.00000   0.00000   0.00000   0.00000   0.00000   0.00000   0.00000   0.00000   0.00000   0.00000   0.00000   0.00000   0.00000   0.00000   0.00000   0.00000   0.00000   0.00000   0.00000   0.00000   0.00000   0.00000   0.00000   0.00000   0.00000   0.00000   0.00000   0.00000   0.00000   0.00000   0.00000   0.39378   0.00000   0.00000   0.00000   0.00000   0.00000   0.19064   0.00000   0.00000   0.18743   0.00000   0.00000   0.00000   0.06887   0.00000   0.00000   1.56660   0.81021   2.38391  
 95  0.0000    165.200591  x:  0.00000   0.03257   0.00000   0.00000   0.00000   0.00000   0.00000   0.00000   0.00000   0.00000   0.00000   0.00000   0.00000   0.00000   0.00000   0.00000   0.19320   0.00000   0.00000   0.00000   0.00000   0.00000   0.00000   0.00000   0.21734   0.00000   0.00000   0.00000   0.00000   0.00000   0.00000   0.00000   0.00000   0.00000   0.00000   0.00000   0.00000   0.00000   0.00000   0.00000   0.00000   0.00000   0.00000   0.00000   0.00000   0.00000   0.00000   0.00000   0.00000   0.00000   0.00000   0.00000   0.00000   0.00000   0.00000   0.00000   0.00000   0.00000   0.00000   0.00000   0.00000   0.00000   0.00000   0.39378   0.00000   0.00000   0.00000   0.00000   0.00000   0.19064   0.00000   0.00000   0.18743   0.00000   0.00000   0.00000   0.06887   0.00000   0.00000   1.56660   0.81021   2.38391  