

TREE # 1

  0  0.0000    105.500454  x:  0.00000   0.02038   0.02850   0.02355   0.07791   0.07690   0.03783   0.04474   0.07630   0.02220   0.05739   0.02868   0.02693   0.01835   0.02199   0.06871   0.10734   0.03016   0.05579   0.03838   0.08107   0.04124   0.01377   0.02099   0.06393   0.08074   0.04798   0.03953   0.08532   0.01708   0.02329   0.01902   0.06929   0.01345   0.05016   0.03351   0.03748   0.06966   0.07037   0.08400   0.00787   0.01391   0.07176   0.02449   0.04737   0.03333   0.07160   0.04394   0.05043   0.07034   0.03094   0.08239   0.07746   0.07454   0.08143   0.04998   0.01054   0.03915   0.00954   0.02551   0.00892   0.05371   0.00105   0.16540   0.09761   0.04177   0.01616   0.03077   0.03292   0.09914   0.07685   0.08746   0.09684   0.04739   0.13130   0.03131   0.06571   0.07103   0.01584   1.15930   0.81021   0.80652  
  1 99.0000    105.500093  x:  0.00000   0.02037   0.02850   0.02355   0.07791   0.07690   0.03783   0.04474   0.07630   0.02220   0.05739   0.02868   0.02693   0.01835   0.02199   0.06871   0.10734   0.03016   0.05579   0.03838   0.08107   0.04124   0.01377   0.02099   0.06393   0.08074   0.04798   0.03953   0.08531   0.01708   0.02329   0.01902   0.06929   0.01345   0.05015   0.03351   0.03748   0.06966   0.07037   0.08400   0.00787   0.01391   0.07176   0.02448   0.04737   0.03333   0.07160   0.04394   0.05043   0.07034   0.03093   0.08239   0.07746   0.07454   0.08143   0.04998   0.01054   0.03915   0.00954   0.02551   0.00892   0.05371   0.00105   0.16540   0.09761   0.04177   0.01616   0.03077   0.03292   0.09914   0.07685   0.08746   0.09684   0.04739   0.13130   0.03131   0.06571   0.07103   0.01584   1.15930   0.81021   0.80652  
  2 64.3589    105.091539  x:  0.00000   0.01937   0.02794   0.02299   0.07735   0.07634   0.03727   0.04418   0.07575   0.02164   0.05684   0.02812   0.02637   0.01778   0.02142   0.06815   0.10764   0.02968   0.05531   0.03789   0.08059   0.04076   0.01329   0.02050   0.06380   0.08026   0.04750   0.03905   0.08484   0.01652   0.02273   0.01845   0.06873   0.01288   0.04960   0.03295   0.03692   0.06910   0.06981   0.08344   0.00731   0.01334   0.07072   0.02344   0.04633   0.03229   0.07057   0.04291   0.04939   0.06930   0.02989   0.08136   0.07643   0.07350   0.08040   0.04897   0.00998   0.03859   0.00898   0.02447   0.00788   0.05268   0.00000   0.16604   0.09694   0.04064   0.01502   0.02964   0.03179   0.09942   0.07627   0.08689   0.09714   0.04681   0.13027   0.03027   0.06570   0.06999   0.01480   1.15931   0.81021   0.80667  
  3 990.1424    102.079473  x:  0.00000   0.01176   0.02370   0.01875   0.07316   0.07214   0.03305   0.03996   0.07155   0.01740   0.05262   0.02389   0.02214   0.01354   0.01719   0.06395   0.11010   0.02604   0.05169   0.03427   0.07699   0.03714   0.00964   0.01686   0.06242   0.07663   0.04388   0.03542   0.08124   0.01228   0.01849   0.01421   0.06452   0.00864   0.04538   0.02872   0.03270   0.06490   0.06561   0.07925   0.00306   0.00910   0.06292   0.01559   0.03851   0.02445   0.06278   0.03508   0.04157   0.06151   0.02205   0.07358   0.06864   0.06571   0.07262   0.04137   0.00573   0.03436   0.00473   0.01663   0.00000   0.04486   0.00000   0.17142   0.09187   0.03212   0.00646   0.02110   0.02325   0.10184   0.07197   0.08257   0.09961   0.04242   0.12245   0.02246   0.06550   0.06216   0.00693   1.15933   0.81021   0.80765  
  4 213631.3110    100.089204  x:  0.00000   0.00680   0.02067   0.01570   0.07015   0.06913   0.03001   0.03693   0.06853   0.01436   0.04960   0.02084   0.01909   0.01050   0.01414   0.06093   0.11404   0.02341   0.04907   0.03162   0.07437   0.03449   0.00702   0.01481   0.06420   0.07452   0.04126   0.03278   0.07862   0.00923   0.01545   0.01117   0.06150   0.00559   0.04235   0.02569   0.02966   0.06188   0.06259   0.07624   0.00000   0.00605   0.05759   0.01001   0.03294   0.01886   0.05722   0.02949   0.03602   0.05597   0.01646   0.06803   0.06312   0.06017   0.06708   0.03641   0.00269   0.03132   0.00168   0.01126   0.00000   0.03928   0.00000   0.17155   0.08406   0.02657   0.00068   0.01533   0.01768   0.10420   0.06947   0.07986   0.10195   0.03950   0.12154   0.01767   0.06095   0.05742   0.00139   1.15723   0.81021   0.80037  
  5 389.7380     99.858109  x:  0.00000   0.00624   0.02031   0.01534   0.06980   0.06878   0.02965   0.03657   0.06818   0.01400   0.04924   0.02048   0.01873   0.01014   0.01377   0.06057   0.11437   0.02310   0.04875   0.03131   0.07406   0.03418   0.00671   0.01458   0.06410   0.07429   0.04095   0.03246   0.07831   0.00887   0.01509   0.01081   0.06114   0.00522   0.04199   0.02533   0.02930   0.06153   0.06223   0.07588   0.00000   0.00569   0.05696   0.00935   0.03227   0.01818   0.05655   0.02882   0.03536   0.05531   0.01579   0.06737   0.06245   0.05950   0.06642   0.03585   0.00233   0.03096   0.00131   0.01063   0.00000   0.03861   0.00000   0.17157   0.08304   0.02594   0.00000   0.01466   0.01704   0.10434   0.06920   0.07955   0.10210   0.03916   0.12164   0.01713   0.06124   0.05688   0.00073   1.15691   0.81021   0.79926  
  6 955.3170     99.627020  x:  0.00000   0.00569   0.01994   0.01497   0.06944   0.06842   0.02928   0.03620   0.06782   0.01363   0.04888   0.02011   0.01836   0.00977   0.01341   0.06021   0.11408   0.02277   0.04843   0.03098   0.07373   0.03385   0.00639   0.01436   0.06408   0.07406   0.04063   0.03213   0.07798   0.00850   0.01472   0.01044   0.06078   0.00486   0.04162   0.02496   0.02894   0.06116   0.06187   0.07552   0.00000   0.00532   0.05628   0.00861   0.03154   0.01745   0.05582   0.02809   0.03463   0.05458   0.01506   0.06664   0.06173   0.05878   0.06569   0.03530   0.00196   0.03059   0.00095   0.00994   0.00000   0.03788   0.00000   0.17219   0.08218   0.02531   0.00000   0.01399   0.01641   0.10409   0.06892   0.07924   0.10191   0.03881   0.12204   0.01656   0.06116   0.05630   0.00000   1.15654   0.81021   0.79813  
  7 706.5397     98.975525  x:  0.00000   0.00457   0.01901   0.01403   0.06853   0.06750   0.02835   0.03527   0.06690   0.01270   0.04795   0.01917   0.01742   0.00883   0.01247   0.05928   0.11358   0.02183   0.04749   0.03003   0.07280   0.03290   0.00546   0.01384   0.06384   0.07347   0.03969   0.03118   0.07705   0.00756   0.01379   0.00950   0.05986   0.00392   0.04069   0.02403   0.02801   0.06024   0.06095   0.07460   0.00000   0.00439   0.05393   0.00610   0.02903   0.01492   0.05330   0.02556   0.03213   0.05209   0.01253   0.06413   0.05924   0.05627   0.06319   0.03417   0.00103   0.02966   0.00000   0.00758   0.00000   0.03536   0.00000   0.17305   0.08137   0.02378   0.00000   0.01232   0.01486   0.10494   0.06824   0.07844   0.10327   0.03787   0.12525   0.01454   0.06114   0.05428   0.00000   1.15564   0.81021   0.79692  
  8 288.2815     98.247998  x:  0.00000   0.00338   0.01799   0.01300   0.06753   0.06650   0.02733   0.03425   0.06589   0.01167   0.04694   0.01814   0.01639   0.00780   0.01143   0.05827   0.11435   0.02077   0.04644   0.02897   0.07175   0.03184   0.00442   0.01329   0.06355   0.07284   0.03865   0.03012   0.07601   0.00652   0.01276   0.00847   0.05884   0.00288   0.03967   0.02301   0.02699   0.05923   0.05994   0.07360   0.00000   0.00336   0.05124   0.00322   0.02615   0.01201   0.05041   0.02266   0.02926   0.04922   0.00962   0.06124   0.05638   0.05339   0.06031   0.03297   0.00000   0.02863   0.00000   0.00488   0.00000   0.03246   0.00000   0.17421   0.08064   0.02213   0.00000   0.01050   0.01317   0.10558   0.06747   0.07756   0.10372   0.03681   0.12916   0.01220   0.06111   0.05193   0.00000   1.15470   0.81021   0.79581  
  9 3064.1993     97.470150  x:  0.00000   0.00223   0.01693   0.01194   0.06650   0.06547   0.02627   0.03319   0.06485   0.01062   0.04589   0.01707   0.01533   0.00674   0.01037   0.05722   0.11514   0.01965   0.04533   0.02784   0.07065   0.03072   0.00331   0.01279   0.06325   0.07226   0.03755   0.02899   0.07490   0.00546   0.01171   0.00741   0.05780   0.00182   0.03862   0.02196   0.02594   0.05819   0.05890   0.07256   0.00000   0.00230   0.04827   0.00000   0.02293   0.00877   0.04719   0.01942   0.02606   0.04603   0.00638   0.05802   0.05318   0.05017   0.05711   0.03181   0.00000   0.02758   0.00000   0.00190   0.00000   0.02923   0.00000   0.17550   0.07948   0.02049   0.00000   0.00865   0.01150   0.10589   0.06670   0.07666   0.10451   0.03572   0.13391   0.00947   0.06108   0.04919   0.00000   1.15391   0.81021   0.79457  
 10 7440.7022     96.996246  x:  0.00000   0.00151   0.01627   0.01126   0.06585   0.06481   0.02560   0.03253   0.06419   0.00995   0.04523   0.01640   0.01466   0.00607   0.00969   0.05656   0.11561   0.01894   0.04462   0.02713   0.06994   0.03000   0.00261   0.01248   0.06306   0.07189   0.03685   0.02828   0.07420   0.00478   0.01104   0.00674   0.05714   0.00114   0.03795   0.02130   0.02527   0.05753   0.05824   0.07191   0.00000   0.00163   0.04639   0.00000   0.02089   0.00671   0.04514   0.01736   0.02403   0.04399   0.00432   0.05597   0.05115   0.04812   0.05506   0.03107   0.00000   0.02691   0.00000   0.00000   0.00000   0.02718   0.00000   0.17631   0.07873   0.01946   0.00000   0.00748   0.01045   0.10618   0.06622   0.07610   0.10496   0.03503   0.13694   0.00773   0.06106   0.04745   0.00000   1.15342   0.81021   0.79377  
 11 299280.7036     96.225467  x:  0.00000   0.00029   0.01515   0.01013   0.06476   0.06371   0.02448   0.03140   0.06308   0.00882   0.04412   0.01526   0.01353   0.00494   0.00856   0.05545   0.11642   0.01774   0.04344   0.02592   0.06876   0.02880   0.00143   0.01199   0.06274   0.07132   0.03567   0.02707   0.07302   0.00365   0.00991   0.00561   0.05602   0.00000   0.03683   0.02018   0.02415   0.05642   0.05713   0.07081   0.00000   0.00050   0.04320   0.00000   0.01742   0.00320   0.04165   0.01387   0.02058   0.04054   0.00081   0.05250   0.04770   0.04465   0.05160   0.02984   0.00000   0.02578   0.00000   0.00000   0.00000   0.02369   0.00000   0.17763   0.07769   0.01774   0.00000   0.00553   0.00868   0.10659   0.06541   0.07516   0.10575   0.03387   0.14207   0.00464   0.06103   0.04435   0.00000   1.15253   0.81021   0.79237  
 12 6914.7215     96.050665  x:  0.00000   0.00002   0.01489   0.00987   0.06450   0.06346   0.02422   0.03115   0.06283   0.00856   0.04386   0.01500   0.01327   0.00468   0.00830   0.05519   0.11661   0.01747   0.04316   0.02564   0.06849   0.02852   0.00116   0.01188   0.06267   0.07119   0.03540   0.02679   0.07274   0.00339   0.00965   0.00535   0.05577   0.00000   0.03658   0.01992   0.02389   0.05617   0.05687   0.07056   0.00000   0.00025   0.04247   0.00000   0.01662   0.00239   0.04084   0.01306   0.01978   0.03974   0.00000   0.05169   0.04690   0.04384   0.05079   0.02939   0.00000   0.02552   0.00000   0.00000   0.00000   0.02288   0.00000   0.17790   0.07762   0.01735   0.00000   0.00508   0.00829   0.10665   0.06523   0.07495   0.10594   0.03360   0.14330   0.00399   0.06103   0.04369   0.00000   1.15237   0.81021   0.79193  
 13 6101.6830     96.041145  x:  0.00000   0.00000   0.01488   0.00985   0.06449   0.06345   0.02420   0.03113   0.06282   0.00855   0.04385   0.01499   0.01325   0.00466   0.00828   0.05518   0.11662   0.01745   0.04315   0.02563   0.06847   0.02851   0.00114   0.01187   0.06267   0.07118   0.03538   0.02678   0.07273   0.00337   0.00964   0.00533   0.05575   0.00000   0.03656   0.01991   0.02388   0.05615   0.05686   0.07054   0.00000   0.00023   0.04242   0.00000   0.01657   0.00235   0.04080   0.01301   0.01973   0.03969   0.00000   0.05164   0.04685   0.04380   0.05075   0.02935   0.00000   0.02551   0.00000   0.00000   0.00000   0.02284   0.00000   0.17791   0.07761   0.01733   0.00000   0.00506   0.00827   0.10666   0.06522   0.07494   0.10595   0.03359   0.14337   0.00396   0.06103   0.04367   0.00000   1.15236   0.81021   0.79192  
 14 909.5041     95.886080  x:  0.00000   0.00000   0.01465   0.00963   0.06427   0.06323   0.02398   0.03091   0.06259   0.00832   0.04363   0.01476   0.01302   0.00444   0.00806   0.05496   0.11679   0.01720   0.04289   0.02537   0.06822   0.02825   0.00089   0.01177   0.06260   0.07105   0.03513   0.02652   0.07248   0.00314   0.00941   0.00510   0.05553   0.00000   0.03634   0.01968   0.02365   0.05593   0.05664   0.07032   0.00000   0.00000   0.04170   0.00000   0.01579   0.00156   0.04002   0.01223   0.01895   0.03892   0.00000   0.05086   0.04608   0.04302   0.04997   0.02859   0.00000   0.02528   0.00000   0.00000   0.00000   0.02206   0.00000   0.17820   0.07731   0.01700   0.00000   0.00468   0.00793   0.10675   0.06506   0.07475   0.10612   0.03335   0.14454   0.00352   0.06102   0.04322   0.00000   1.15227   0.81021   0.79167  
 15 889695.5464     95.572620  x:  0.00000   0.00000   0.01417   0.00915   0.06381   0.06277   0.02351   0.03043   0.06213   0.00785   0.04316   0.01428   0.01255   0.00396   0.00758   0.05449   0.11714   0.01668   0.04238   0.02485   0.06771   0.02773   0.00038   0.01159   0.06245   0.07082   0.03462   0.02600   0.07196   0.00266   0.00894   0.00463   0.05506   0.00000   0.03587   0.01921   0.02318   0.05546   0.05617   0.06986   0.00000   0.00000   0.03991   0.00000   0.01424   0.00000   0.03847   0.01067   0.01740   0.03738   0.00000   0.04932   0.04454   0.04147   0.04843   0.02696   0.00000   0.02481   0.00000   0.00000   0.00000   0.02051   0.00000   0.17882   0.07664   0.01635   0.00000   0.00391   0.00725   0.10693   0.06476   0.07438   0.10647   0.03288   0.14704   0.00260   0.06100   0.04231   0.00000   1.15195   0.81021   0.79131  
 16 9520.5479     95.357608  x:  0.00000   0.00000   0.01382   0.00880   0.06347   0.06242   0.02316   0.03008   0.06179   0.00750   0.04281   0.01393   0.01220   0.00361   0.00722   0.05414   0.11739   0.01630   0.04200   0.02447   0.06733   0.02735   0.00000   0.01151   0.06235   0.07070   0.03425   0.02561   0.07159   0.00231   0.00859   0.00428   0.05472   0.00000   0.03552   0.01886   0.02283   0.05512   0.05583   0.06952   0.00000   0.00000   0.03848   0.00000   0.01316   0.00000   0.03738   0.00958   0.01632   0.03630   0.00000   0.04824   0.04347   0.04039   0.04735   0.02579   0.00000   0.02446   0.00000   0.00000   0.00000   0.01942   0.00000   0.17925   0.07621   0.01587   0.00000   0.00333   0.00676   0.10706   0.06454   0.07412   0.10671   0.03253   0.14887   0.00190   0.06098   0.04161   0.00000   1.15176   0.81021   0.79103  
 17 1520.5711     94.722646  x:  0.00000   0.00000   0.01278   0.00777   0.06248   0.06143   0.02214   0.02907   0.06078   0.00647   0.04180   0.01289   0.01117   0.00258   0.00619   0.05314   0.11813   0.01518   0.04089   0.02333   0.06622   0.02622   0.00000   0.01078   0.06204   0.06991   0.03314   0.02448   0.07047   0.00127   0.00757   0.00326   0.05371   0.00000   0.03450   0.01785   0.02182   0.05411   0.05483   0.06852   0.00000   0.00000   0.03413   0.00000   0.00984   0.00000   0.03408   0.00627   0.01303   0.03303   0.00000   0.04495   0.04020   0.03710   0.04408   0.02253   0.00000   0.02344   0.00000   0.00000   0.00000   0.01613   0.00000   0.18056   0.07487   0.01455   0.00000   0.00176   0.00540   0.10752   0.06393   0.07332   0.10743   0.03151   0.15426   0.00000   0.06094   0.03971   0.00000   1.15126   0.81021   0.79017  
 18 2345.7357     93.990066  x:  0.00000   0.00000   0.01157   0.00658   0.06133   0.06029   0.02097   0.02790   0.05963   0.00529   0.04064   0.01170   0.00999   0.00140   0.00500   0.05199   0.11897   0.01390   0.03958   0.02201   0.06492   0.02489   0.00000   0.00929   0.06170   0.06832   0.03187   0.02314   0.06916   0.00008   0.00639   0.00207   0.05254   0.00000   0.03332   0.01668   0.02065   0.05296   0.05367   0.06738   0.00000   0.00000   0.02858   0.00000   0.00590   0.00000   0.03014   0.00234   0.00914   0.02913   0.00000   0.04104   0.03632   0.03319   0.04019   0.01947   0.00000   0.02226   0.00000   0.00000   0.00000   0.01223   0.00000   0.18210   0.07306   0.01311   0.00000   0.00000   0.00391   0.10806   0.06321   0.07238   0.10823   0.03031   0.16052   0.00000   0.06087   0.03689   0.00000   1.15079   0.81021   0.78929  
 19 1331.9717     93.946810  x:  0.00000   0.00000   0.01150   0.00651   0.06127   0.06022   0.02090   0.02783   0.05956   0.00522   0.04056   0.01163   0.00992   0.00133   0.00493   0.05192   0.11902   0.01382   0.03950   0.02192   0.06484   0.02481   0.00000   0.00919   0.06168   0.06822   0.03179   0.02306   0.06908   0.00000   0.00632   0.00200   0.05247   0.00000   0.03325   0.01661   0.02058   0.05289   0.05360   0.06731   0.00000   0.00000   0.02824   0.00000   0.00566   0.00000   0.02991   0.00211   0.00891   0.02889   0.00000   0.04080   0.03608   0.03296   0.03996   0.01929   0.00000   0.02219   0.00000   0.00000   0.00000   0.01199   0.00000   0.18220   0.07295   0.01303   0.00000   0.00000   0.00382   0.10809   0.06316   0.07233   0.10828   0.03024   0.16090   0.00000   0.06087   0.03672   0.00000   1.15076   0.81021   0.78924  
 20 506785.1783     93.946810  x:  0.00000   0.00000   0.01150   0.00651   0.06127   0.06022   0.02090   0.02783   0.05956   0.00522   0.04056   0.01163   0.00992   0.00133   0.00493   0.05192   0.11902   0.01382   0.03950   0.02192   0.06484   0.02481   0.00000   0.00919   0.06168   0.06822   0.03179   0.02306   0.06908   0.00000   0.00632   0.00200   0.05247   0.00000   0.03325   0.01661   0.02058   0.05289   0.05360   0.06731   0.00000   0.00000   0.02824   0.00000   0.00566   0.00000   0.02991   0.00211   0.00891   0.02889   0.00000   0.04080   0.03608   0.03296   0.03996   0.01929   0.00000   0.02219   0.00000   0.00000   0.00000   0.01199   0.00000   0.18220   0.07295   0.01303   0.00000   0.00000   0.00382   0.10809   0.06316   0.07233   0.10828   0.03024   0.16090   0.00000   0.06087   0.03672   0.00000   1.15076   0.81021   0.78924  
 21 1297.2196     93.332978  x:  0.00000   0.00000   0.01037   0.00538   0.06014   0.05910   0.01977   0.02670   0.05844   0.00408   0.03944   0.01049   0.00878   0.00019   0.00380   0.05079   0.11983   0.01285   0.03853   0.02095   0.06387   0.02384   0.00000   0.00828   0.06430   0.06726   0.03082   0.02209   0.06812   0.00000   0.00519   0.00087   0.05135   0.00000   0.03212   0.01548   0.01945   0.05176   0.05248   0.06619   0.00000   0.00000   0.02615   0.00000   0.00356   0.00000   0.02781   0.00000   0.00681   0.02680   0.00000   0.03871   0.03399   0.03087   0.03787   0.01726   0.00000   0.02106   0.00000   0.00000   0.00000   0.00989   0.00000   0.18459   0.07171   0.01075   0.00000   0.00000   0.00154   0.10906   0.06202   0.07118   0.10918   0.02907   0.15886   0.00000   0.06235   0.03463   0.00000   1.15077   0.81021   0.78950  
 22 53.1752     93.243359  x:  0.00000   0.00000   0.01018   0.00519   0.05996   0.05891   0.01958   0.02651   0.05825   0.00390   0.03925   0.01030   0.00859   0.00000   0.00361   0.05060   0.11992   0.01269   0.03837   0.02079   0.06371   0.02368   0.00000   0.00812   0.06427   0.06710   0.03066   0.02193   0.06796   0.00000   0.00500   0.00068   0.05116   0.00000   0.03194   0.01529   0.01926   0.05157   0.05229   0.06600   0.00000   0.00000   0.02580   0.00000   0.00321   0.00000   0.02746   0.00000   0.00646   0.02645   0.00000   0.03836   0.03364   0.03052   0.03752   0.01692   0.00000   0.02087   0.00000   0.00000   0.00000   0.00954   0.00000   0.18483   0.07149   0.01037   0.00000   0.00000   0.00116   0.10915   0.06182   0.07098   0.10928   0.02888   0.15851   0.00000   0.06231   0.03428   0.00000   1.15078   0.81021   0.78957  
 23 533.3113     92.978672  x:  0.00000   0.00000   0.00961   0.00462   0.05939   0.05835   0.01902   0.02594   0.05769   0.00333   0.03869   0.00974   0.00803   0.00000   0.00304   0.05004   0.12015   0.01220   0.03789   0.02031   0.06323   0.02319   0.00000   0.00762   0.06422   0.06661   0.03017   0.02144   0.06748   0.00000   0.00443   0.00011   0.05060   0.00000   0.03137   0.01472   0.01870   0.05101   0.05173   0.06544   0.00000   0.00000   0.02475   0.00000   0.00216   0.00000   0.02641   0.00000   0.00540   0.02540   0.00000   0.03731   0.03259   0.02947   0.03647   0.01590   0.00000   0.02031   0.00000   0.00000   0.00000   0.00849   0.00000   0.18536   0.07083   0.00922   0.00000   0.00000   0.00000   0.10937   0.06124   0.07040   0.10951   0.02829   0.15748   0.00000   0.06227   0.03323   0.00000   1.15081   0.81021   0.78981  
 24 28361.3680     92.932653  x:  0.00000   0.00000   0.00951   0.00452   0.05929   0.05824   0.01891   0.02584   0.05759   0.00322   0.03858   0.00963   0.00792   0.00000   0.00294   0.04994   0.12024   0.01211   0.03780   0.02022   0.06314   0.02310   0.00000   0.00755   0.06415   0.06653   0.03008   0.02135   0.06739   0.00000   0.00432   0.00000   0.05049   0.00000   0.03127   0.01462   0.01859   0.05091   0.05162   0.06533   0.00000   0.00000   0.02456   0.00000   0.00196   0.00000   0.02622   0.00000   0.00521   0.02520   0.00000   0.03712   0.03240   0.02927   0.03628   0.01572   0.00000   0.02020   0.00000   0.00000   0.00000   0.00830   0.00000   0.18541   0.07063   0.00902   0.00000   0.00000   0.00000   0.10943   0.06114   0.07030   0.10958   0.02818   0.15730   0.00000   0.06238   0.03304   0.00000   1.15079   0.81021   0.78970  
 25 751.1150     92.477294  x:  0.00000   0.00000   0.00845   0.00346   0.05825   0.05720   0.01786   0.02479   0.05654   0.00216   0.03753   0.00858   0.00687   0.00000   0.00188   0.04889   0.12113   0.01119   0.03688   0.01929   0.06223   0.02218   0.00000   0.00695   0.06438   0.06591   0.02916   0.02043   0.06647   0.00000   0.00327   0.00000   0.04944   0.00000   0.03021   0.01357   0.01754   0.04986   0.05058   0.06429   0.00000   0.00000   0.02261   0.00000   0.00000   0.00000   0.02427   0.00000   0.00325   0.02326   0.00000   0.03517   0.03046   0.02733   0.03433   0.01394   0.00000   0.01915   0.00000   0.00000   0.00000   0.00634   0.00000   0.18570   0.06819   0.00717   0.00000   0.00000   0.00000   0.10989   0.06026   0.06935   0.11015   0.02715   0.15539   0.00000   0.06197   0.03109   0.00000   1.15044   0.81021   0.78779  
 26 1033.1698     91.783674  x:  0.00000   0.00000   0.00679   0.00180   0.05661   0.05556   0.01621   0.02314   0.05490   0.00050   0.03588   0.00692   0.00521   0.00000   0.00021   0.04724   0.12038   0.00969   0.03540   0.01780   0.06075   0.02068   0.00000   0.00626   0.06422   0.06516   0.02768   0.01894   0.06500   0.00000   0.00161   0.00000   0.04780   0.00000   0.02856   0.01191   0.01589   0.04822   0.04893   0.06265   0.00000   0.00000   0.01937   0.00000   0.00000   0.00000   0.02103   0.00000   0.00000   0.02002   0.00000   0.03194   0.02723   0.02409   0.03111   0.01128   0.00000   0.01749   0.00000   0.00000   0.00000   0.00309   0.00000   0.18806   0.06483   0.00453   0.00000   0.00000   0.00000   0.10914   0.05894   0.06791   0.10948   0.02555   0.15224   0.00000   0.06201   0.02785   0.00000   1.14977   0.81021   0.78397  
 27 651.1695     91.688513  x:  0.00000   0.00000   0.00659   0.00160   0.05642   0.05537   0.01601   0.02294   0.05471   0.00030   0.03569   0.00672   0.00501   0.00000   0.00000   0.04705   0.12016   0.00947   0.03518   0.01758   0.06054   0.02047   0.00000   0.00633   0.06420   0.06520   0.02746   0.01872   0.06479   0.00000   0.00141   0.00000   0.04760   0.00000   0.02837   0.01171   0.01570   0.04803   0.04874   0.06246   0.00000   0.00000   0.01877   0.00000   0.00000   0.00000   0.02043   0.00000   0.00000   0.01942   0.00000   0.03134   0.02663   0.02350   0.03051   0.01106   0.00000   0.01729   0.00000   0.00000   0.00000   0.00248   0.00000   0.18822   0.06487   0.00439   0.00000   0.00000   0.00000   0.10942   0.05882   0.06776   0.10977   0.02535   0.15165   0.00000   0.06198   0.02725   0.00000   1.14970   0.81021   0.78359  
 28 143.3988     91.540930  x:  0.00000   0.00000   0.00630   0.00131   0.05614   0.05509   0.01572   0.02265   0.05443   0.00000   0.03540   0.00643   0.00472   0.00000   0.00000   0.04676   0.12049   0.00914   0.03485   0.01725   0.06021   0.02013   0.00000   0.00654   0.06416   0.06535   0.02712   0.01838   0.06446   0.00000   0.00112   0.00000   0.04732   0.00000   0.02808   0.01142   0.01541   0.04774   0.04846   0.06218   0.00000   0.00000   0.01777   0.00000   0.00000   0.00000   0.01943   0.00000   0.00000   0.01842   0.00000   0.03034   0.02564   0.02250   0.02951   0.01080   0.00000   0.01701   0.00000   0.00000   0.00000   0.00148   0.00000   0.18855   0.06505   0.00429   0.00000   0.00000   0.00000   0.10955   0.05864   0.06754   0.10986   0.02505   0.15068   0.00000   0.06194   0.02625   0.00000   1.14962   0.81021   0.78308  
 29 638.6382     91.352822  x:  0.00000   0.00000   0.00600   0.00101   0.05586   0.05481   0.01543   0.02236   0.05415   0.00000   0.03511   0.00613   0.00442   0.00000   0.00000   0.04648   0.12069   0.00872   0.03444   0.01683   0.05980   0.01971   0.00000   0.00724   0.06411   0.06598   0.02671   0.01797   0.06405   0.00000   0.00082   0.00000   0.04703   0.00000   0.02779   0.01113   0.01512   0.04746   0.04817   0.06190   0.00000   0.00000   0.01630   0.00000   0.00000   0.00000   0.01796   0.00000   0.00000   0.01695   0.00000   0.02887   0.02417   0.02103   0.02805   0.01073   0.00000   0.01671   0.00000   0.00000   0.00000   0.00000   0.00000   0.18899   0.06464   0.00457   0.00000   0.00000   0.00000   0.10968   0.05852   0.06737   0.11008   0.02474   0.14925   0.00000   0.06190   0.02478   0.00000   1.14970   0.81021   0.78247  
 30 460.4933     90.857917  x:  0.00000   0.00000   0.00518   0.00019   0.05508   0.05404   0.01462   0.02156   0.05337   0.00000   0.03431   0.00532   0.00360   0.00000   0.00000   0.04569   0.12132   0.00754   0.03328   0.01567   0.05867   0.01855   0.00000   0.00875   0.06397   0.06728   0.02555   0.01680   0.06292   0.00000   0.00000   0.00000   0.04624   0.00000   0.02698   0.01032   0.01432   0.04667   0.04739   0.06112   0.00000   0.00000   0.01221   0.00000   0.00000   0.00000   0.01386   0.00000   0.00000   0.01287   0.00000   0.02479   0.02011   0.01695   0.02397   0.01056   0.00000   0.01590   0.00000   0.00000   0.00000   0.00000   0.00000   0.19051   0.06286   0.00533   0.00000   0.00000   0.00000   0.10918   0.05816   0.06687   0.11158   0.02385   0.14527   0.00000   0.06177   0.02069   0.00000   1.14981   0.81021   0.78120  
 31 1957.5940     90.739821  x:  0.00000   0.00000   0.00499   0.00000   0.05490   0.05386   0.01444   0.02138   0.05319   0.00000   0.03413   0.00513   0.00342   0.00000   0.00000   0.04550   0.12146   0.00727   0.03301   0.01539   0.05840   0.01827   0.00000   0.00898   0.06394   0.06745   0.02528   0.01652   0.06265   0.00000   0.00000   0.00000   0.04606   0.00000   0.02680   0.01013   0.01413   0.04649   0.04721   0.06094   0.00000   0.00000   0.01124   0.00000   0.00000   0.00000   0.01290   0.00000   0.00000   0.01190   0.00000   0.02382   0.01915   0.01599   0.02301   0.01053   0.00000   0.01571   0.00000   0.00000   0.00000   0.00000   0.00000   0.19091   0.06222   0.00552   0.00000   0.00000   0.00000   0.10937   0.05808   0.06674   0.11165   0.02364   0.14433   0.00000   0.06173   0.01973   0.00000   1.14981   0.81021   0.78100  
 32 1108.8610     89.452726  x:  0.00000   0.00000   0.00311   0.00000   0.05319   0.05215   0.01261   0.01956   0.05147   0.00000   0.03232   0.00326   0.00155   0.00000   0.00000   0.04372   0.12279   0.00395   0.02978   0.01211   0.05522   0.01498   0.00000   0.00211   0.06387   0.06052   0.02202   0.01324   0.05948   0.00000   0.00000   0.00000   0.04428   0.00000   0.02498   0.00829   0.01233   0.04474   0.04545   0.05921   0.00000   0.00000   0.00000   0.00000   0.00000   0.00000   0.00164   0.00000   0.00000   0.00069   0.00000   0.01260   0.00806   0.00486   0.01189   0.01183   0.00000   0.01386   0.00000   0.00000   0.00000   0.00000   0.00000   0.19383   0.06074   0.01111   0.00000   0.00000   0.00000   0.11061   0.05807   0.06606   0.11281   0.02151   0.13353   0.00000   0.06147   0.00850   0.00000   1.14716   0.81021   0.77077  
 33 124.2442     89.382138  x:  0.00000   0.00000   0.00301   0.00000   0.05309   0.05206   0.01250   0.01946   0.05137   0.00000   0.03222   0.00316   0.00144   0.00000   0.00000   0.04362   0.12287   0.00376   0.02959   0.01191   0.05503   0.01479   0.00000   0.00167   0.06387   0.06008   0.02183   0.01305   0.05929   0.00000   0.00000   0.00000   0.04418   0.00000   0.02487   0.00819   0.01223   0.04464   0.04535   0.05911   0.00000   0.00000   0.00000   0.00000   0.00000   0.00000   0.00096   0.00000   0.00000   0.00000   0.00000   0.01192   0.00738   0.00418   0.01122   0.01193   0.00000   0.01375   0.00000   0.00000   0.00000   0.00000   0.00000   0.19400   0.06065   0.01148   0.00000   0.00000   0.00000   0.11069   0.05808   0.06603   0.11288   0.02139   0.13287   0.00000   0.06146   0.00781   0.00000   1.14702   0.81021   0.77016  
 34 19228.8745     89.294570  x:  0.00000   0.00000   0.00286   0.00000   0.05296   0.05193   0.01236   0.01932   0.05124   0.00000   0.03208   0.00301   0.00130   0.00000   0.00000   0.04348   0.12298   0.00349   0.02933   0.01165   0.05477   0.01452   0.00000   0.00109   0.06386   0.05949   0.02157   0.01279   0.05904   0.00000   0.00000   0.00000   0.04404   0.00000   0.02473   0.00805   0.01210   0.04450   0.04522   0.05898   0.00000   0.00000   0.00000   0.00000   0.00000   0.00000   0.00000   0.00000   0.00000   0.00000   0.00000   0.01097   0.00644   0.00324   0.01028   0.01207   0.00000   0.01361   0.00000   0.00000   0.00000   0.00000   0.00000   0.19423   0.06052   0.01198   0.00000   0.00000   0.00000   0.11079   0.05809   0.06599   0.11297   0.02122   0.13196   0.00000   0.06144   0.00687   0.00000   1.14682   0.81021   0.76936  
 35 2004.1037     89.138065  x:  0.00000   0.00000   0.00258   0.00000   0.05270   0.05167   0.01209   0.01905   0.05098   0.00000   0.03181   0.00273   0.00102   0.00000   0.00000   0.04321   0.12317   0.00297   0.02882   0.01113   0.05427   0.01400   0.00000   0.00000   0.06385   0.05839   0.02105   0.01227   0.05854   0.00000   0.00000   0.00000   0.04378   0.00000   0.02446   0.00777   0.01183   0.04424   0.04496   0.05872   0.00000   0.00000   0.00000   0.00000   0.00000   0.00000   0.00000   0.00000   0.00000   0.00000   0.00000   0.00904   0.00454   0.00133   0.00837   0.01238   0.00000   0.01333   0.00000   0.00000   0.00000   0.00000   0.00000   0.19467   0.06026   0.01302   0.00000   0.00000   0.00000   0.11097   0.05813   0.06592   0.11314   0.02091   0.13009   0.00000   0.06140   0.00494   0.00000   1.14642   0.81021   0.76785  
 36 850.7049     89.031362  x:  0.00000   0.00000   0.00238   0.00000   0.05252   0.05150   0.01190   0.01885   0.05080   0.00000   0.03162   0.00254   0.00082   0.00000   0.00000   0.04303   0.12331   0.00260   0.02846   0.01076   0.05392   0.01364   0.00000   0.00000   0.06384   0.05726   0.02069   0.01190   0.05819   0.00000   0.00000   0.00000   0.04359   0.00000   0.02427   0.00758   0.01164   0.04406   0.04478   0.05854   0.00000   0.00000   0.00000   0.00000   0.00000   0.00000   0.00000   0.00000   0.00000   0.00000   0.00000   0.00771   0.00322   0.00000   0.00705   0.01259   0.00000   0.01314   0.00000   0.00000   0.00000   0.00000   0.00000   0.19497   0.06009   0.01375   0.00000   0.00000   0.00000   0.11109   0.05815   0.06587   0.11326   0.02069   0.12881   0.00000   0.06137   0.00360   0.00000   1.14608   0.81021   0.76683  
 37 1258.7218     88.802202  x:  0.00000   0.00000   0.00189   0.00000   0.05208   0.05106   0.01142   0.01838   0.05036   0.00000   0.03115   0.00205   0.00033   0.00000   0.00000   0.04256   0.12359   0.00168   0.02757   0.00985   0.05304   0.01273   0.00000   0.00000   0.06382   0.05457   0.01979   0.01099   0.05731   0.00000   0.00000   0.00000   0.04313   0.00000   0.02379   0.00710   0.01117   0.04360   0.04432   0.05809   0.00000   0.00000   0.00000   0.00000   0.00000   0.00000   0.00000   0.00000   0.00000   0.00000   0.00000   0.00444   0.00000   0.00000   0.00382   0.01317   0.00000   0.01265   0.00000   0.00000   0.00000   0.00000   0.00000   0.19561   0.05974   0.01566   0.00000   0.00000   0.00000   0.11136   0.05815   0.06570   0.11350   0.02007   0.12565   0.00000   0.06132   0.00032   0.00000   1.14532   0.81021   0.76467  
 38 120.2717     88.783342  x:  0.00000   0.00000   0.00184   0.00000   0.05204   0.05101   0.01137   0.01834   0.05032   0.00000   0.03110   0.00200   0.00028   0.00000   0.00000   0.04252   0.12362   0.00159   0.02748   0.00977   0.05296   0.01264   0.00000   0.00000   0.06382   0.05434   0.01970   0.01091   0.05723   0.00000   0.00000   0.00000   0.04308   0.00000   0.02375   0.00705   0.01112   0.04356   0.04428   0.05804   0.00000   0.00000   0.00000   0.00000   0.00000   0.00000   0.00000   0.00000   0.00000   0.00000   0.00000   0.00412   0.00000   0.00000   0.00351   0.01323   0.00000   0.01261   0.00000   0.00000   0.00000   0.00000   0.00000   0.19566   0.05971   0.01585   0.00000   0.00000   0.00000   0.11138   0.05814   0.06568   0.11352   0.02001   0.12534   0.00000   0.06131   0.00000   0.00000   1.14525   0.81021   0.76449  
 39 312.3887     88.688896  x:  0.00000   0.00000   0.00156   0.00000   0.05178   0.05076   0.01110   0.01806   0.05006   0.00000   0.03083   0.00172   0.00000   0.00000   0.00000   0.04225   0.12375   0.00107   0.02697   0.00925   0.05246   0.01212   0.00000   0.00000   0.06381   0.05305   0.01919   0.01039   0.05673   0.00000   0.00000   0.00000   0.04282   0.00000   0.02347   0.00678   0.01085   0.04330   0.04402   0.05779   0.00000   0.00000   0.00000   0.00000   0.00000   0.00000   0.00000   0.00000   0.00000   0.00000   0.00000   0.00217   0.00000   0.00000   0.00159   0.01359   0.00000   0.01233   0.00000   0.00000   0.00000   0.00000   0.00000   0.19597   0.05953   0.01711   0.00000   0.00000   0.00000   0.11150   0.05804   0.06553   0.11364   0.01962   0.12346   0.00000   0.06129   0.00000   0.00000   1.14489   0.81021   0.76353  
 40 537.6323     88.602218  x:  0.00000   0.00000   0.00129   0.00000   0.05154   0.05052   0.01084   0.01781   0.04982   0.00000   0.03058   0.00146   0.00000   0.00000   0.00000   0.04200   0.12388   0.00055   0.02647   0.00874   0.05196   0.01161   0.00000   0.00000   0.06380   0.05167   0.01868   0.00988   0.05624   0.00000   0.00000   0.00000   0.04257   0.00000   0.02322   0.00651   0.01060   0.04305   0.04377   0.05755   0.00000   0.00000   0.00000   0.00000   0.00000   0.00000   0.00000   0.00000   0.00000   0.00000   0.00000   0.00056   0.00000   0.00000   0.00000   0.01386   0.00000   0.01206   0.00000   0.00000   0.00000   0.00000   0.00000   0.19627   0.05931   0.01768   0.00000   0.00000   0.00000   0.11163   0.05826   0.06561   0.11375   0.01938   0.12194   0.00000   0.06126   0.00000   0.00000   1.14509   0.81021   0.76241  
 41 92.2456     88.580410  x:  0.00000   0.00000   0.00121   0.00000   0.05147   0.05045   0.01076   0.01773   0.04975   0.00000   0.03050   0.00138   0.00000   0.00000   0.00000   0.04193   0.12391   0.00037   0.02629   0.00856   0.05179   0.01143   0.00000   0.00000   0.06380   0.05134   0.01850   0.00970   0.05607   0.00000   0.00000   0.00000   0.04250   0.00000   0.02314   0.00644   0.01053   0.04298   0.04370   0.05748   0.00000   0.00000   0.00000   0.00000   0.00000   0.00000   0.00000   0.00000   0.00000   0.00000   0.00000   0.00000   0.00000   0.00000   0.00000   0.01398   0.00000   0.01199   0.00000   0.00000   0.00000   0.00000   0.00000   0.19635   0.05924   0.01772   0.00000   0.00000   0.00000   0.11165   0.05850   0.06579   0.11378   0.01939   0.12141   0.00000   0.06126   0.00000   0.00000   1.14513   0.81021   0.76216  
 42 39.8091     88.548178  x:  0.00000   0.00000   0.00105   0.00000   0.05133   0.05031   0.01061   0.01758   0.04961   0.00000   0.03035   0.00122   0.00000   0.00000   0.00000   0.04177   0.12396   0.00000   0.02593   0.00820   0.05144   0.01106   0.00000   0.00000   0.06379   0.05076   0.01814   0.00934   0.05571   0.00000   0.00000   0.00000   0.04234   0.00000   0.02298   0.00628   0.01037   0.04283   0.04355   0.05733   0.00000   0.00000   0.00000   0.00000   0.00000   0.00000   0.00000   0.00000   0.00000   0.00000   0.00000   0.00000   0.00000   0.00000   0.00000   0.01424   0.00000   0.01183   0.00000   0.00000   0.00000   0.00000   0.00000   0.19649   0.05911   0.01776   0.00000   0.00000   0.00000   0.11170   0.05914   0.06632   0.11381   0.01949   0.12024   0.00000   0.06125   0.00000   0.00000   1.14524   0.81021   0.76173  
 43 193.8406     88.308512  x:  0.00000   0.00000   0.00000   0.00000   0.05046   0.04945   0.00962   0.01660   0.04873   0.00000   0.02938   0.00019   0.00000   0.00000   0.00000   0.04083   0.12430   0.00000   0.02317   0.00538   0.04873   0.00824   0.00000   0.00000   0.06378   0.04653   0.01536   0.00653   0.05302   0.00000   0.00000   0.00000   0.04140   0.00000   0.02199   0.00528   0.00942   0.04192   0.04264   0.05644   0.00000   0.00000   0.00000   0.00000   0.00000   0.00000   0.00000   0.00000   0.00000   0.00000   0.00000   0.00000   0.00000   0.00000   0.00000   0.01662   0.00000   0.01080   0.00000   0.00000   0.00000   0.00000   0.00000   0.19756   0.05784   0.01944   0.00000   0.00000   0.00000   0.11205   0.05990   0.06646   0.11415   0.01841   0.11244   0.00000   0.06119   0.00000   0.00000   1.14725   0.81021   0.75799  
 44 45.2984     88.255795  x:  0.00000   0.00000   0.00000   0.00000   0.05032   0.04932   0.00944   0.01643   0.04859   0.00000   0.02921   0.00000   0.00000   0.00000   0.00000   0.04066   0.12437   0.00000   0.02252   0.00472   0.04810   0.00757   0.00000   0.00000   0.06377   0.04584   0.01470   0.00586   0.05238   0.00000   0.00000   0.00000   0.04124   0.00000   0.02182   0.00510   0.00925   0.04176   0.04248   0.05629   0.00000   0.00000   0.00000   0.00000   0.00000   0.00000   0.00000   0.00000   0.00000   0.00000   0.00000   0.00000   0.00000   0.00000   0.00000   0.01740   0.00000   0.01062   0.00000   0.00000   0.00000   0.00000   0.00000   0.19777   0.05758   0.01995   0.00000   0.00000   0.00000   0.11211   0.05947   0.06597   0.11422   0.01795   0.11054   0.00000   0.06117   0.00000   0.00000   1.14738   0.81021   0.75729  
 45 60.3097     87.878379  x:  0.00000   0.00000   0.00000   0.00000   0.04901   0.04803   0.00794   0.01494   0.04727   0.00000   0.02773   0.00000   0.00000   0.00000   0.00000   0.03923   0.12486   0.00000   0.01790   0.00000   0.04357   0.00283   0.00000   0.00000   0.06376   0.04013   0.01003   0.00115   0.04787   0.00000   0.00000   0.00000   0.03981   0.00000   0.02031   0.00357   0.00780   0.04038   0.04110   0.05495   0.00000   0.00000   0.00000   0.00000   0.00000   0.00000   0.00000   0.00000   0.00000   0.00000   0.00000   0.00000   0.00000   0.00000   0.00000   0.02115   0.00000   0.00906   0.00000   0.00000   0.00000   0.00000   0.00000   0.19942   0.05539   0.02456   0.00000   0.00000   0.00000   0.11259   0.05735   0.06321   0.11478   0.01480   0.09873   0.00000   0.06109   0.00000   0.00000   1.14838   0.81021   0.75182  
 46 203.5015     87.791140  x:  0.00000   0.00000   0.00000   0.00000   0.04846   0.04748   0.00735   0.01435   0.04672   0.00000   0.02715   0.00000   0.00000   0.00000   0.00000   0.03865   0.12496   0.00000   0.01677   0.00000   0.04246   0.00167   0.00000   0.00000   0.06375   0.03892   0.00889   0.00000   0.04677   0.00000   0.00000   0.00000   0.03923   0.00000   0.01973   0.00298   0.00722   0.03982   0.04054   0.05439   0.00000   0.00000   0.00000   0.00000   0.00000   0.00000   0.00000   0.00000   0.00000   0.00000   0.00000   0.00000   0.00000   0.00000   0.00000   0.02030   0.00000   0.00847   0.00000   0.00000   0.00000   0.00000   0.00000   0.19981   0.05480   0.02714   0.00000   0.00000   0.00000   0.11270   0.05717   0.06282   0.11490   0.01402   0.09740   0.00000   0.06107   0.00000   0.00000   1.14865   0.81021   0.75076  
 47 27.4166     87.677809  x:  0.00000   0.00000   0.00000   0.00000   0.04761   0.04663   0.00645   0.01346   0.04586   0.00000   0.02626   0.00000   0.00000   0.00000   0.00000   0.03777   0.12510   0.00000   0.01515   0.00000   0.04087   0.00000   0.00000   0.00000   0.06375   0.03750   0.00726   0.00000   0.04518   0.00000   0.00000   0.00000   0.03836   0.00000   0.01883   0.00207   0.00633   0.03895   0.03967   0.05354   0.00000   0.00000   0.00000   0.00000   0.00000   0.00000   0.00000   0.00000   0.00000   0.00000   0.00000   0.00000   0.00000   0.00000   0.00000   0.01846   0.00000   0.00756   0.00000   0.00000   0.00000   0.00000   0.00000   0.20033   0.05400   0.03157   0.00000   0.00000   0.00000   0.11283   0.05697   0.06237   0.11506   0.01293   0.09597   0.00000   0.06105   0.00000   0.00000   1.14899   0.81021   0.74957  
 48 214.5767     87.412512  x:  0.00000   0.00000   0.00000   0.00000   0.04566   0.04470   0.00439   0.01142   0.04391   0.00000   0.02423   0.00000   0.00000   0.00000   0.00000   0.03577   0.12546   0.00000   0.01167   0.00000   0.03745   0.00000   0.00000   0.00000   0.06374   0.03307   0.00368   0.00000   0.04176   0.00000   0.00000   0.00000   0.03636   0.00000   0.01678   0.00000   0.00431   0.03698   0.03770   0.05159   0.00000   0.00000   0.00000   0.00000   0.00000   0.00000   0.00000   0.00000   0.00000   0.00000   0.00000   0.00000   0.00000   0.00000   0.00000   0.01547   0.00000   0.00548   0.00000   0.00000   0.00000   0.00000   0.00000   0.20181   0.05163   0.03911   0.00000   0.00000   0.00000   0.11320   0.05649   0.06097   0.11549   0.01010   0.09292   0.00000   0.06099   0.00000   0.00000   1.14999   0.81021   0.74565  
 49 41.4756     86.973204  x:  0.00000   0.00000   0.00000   0.00000   0.04218   0.04121   0.00083   0.00790   0.04042   0.00000   0.02073   0.00000   0.00000   0.00000   0.00000   0.03227   0.12589   0.00000   0.00836   0.00000   0.03429   0.00000   0.00000   0.00000   0.06377   0.02601   0.00000   0.00000   0.03855   0.00000   0.00000   0.00000   0.03287   0.00000   0.01327   0.00000   0.00078   0.03348   0.03421   0.04811   0.00000   0.00000   0.00000   0.00000   0.00000   0.00000   0.00000   0.00000   0.00000   0.00000   0.00000   0.00000   0.00000   0.00000   0.00000   0.01362   0.00000   0.00194   0.00000   0.00000   0.00000   0.00000   0.00000   0.20414   0.04751   0.03852   0.00000   0.00000   0.00000   0.11367   0.05629   0.05888   0.11608   0.00451   0.09368   0.00000   0.06092   0.00000   0.00000   1.15116   0.81021   0.73832  
 50  7.1266     86.891173  x:  0.00000   0.00000   0.00000   0.00000   0.04139   0.04043   0.00005   0.00713   0.03964   0.00000   0.01996   0.00000   0.00000   0.00000   0.00000   0.03150   0.12592   0.00000   0.00806   0.00000   0.03401   0.00000   0.00000   0.00000   0.06377   0.02536   0.00000   0.00000   0.03825   0.00000   0.00000   0.00000   0.03210   0.00000   0.01250   0.00000   0.00000   0.03271   0.03344   0.04733   0.00000   0.00000   0.00000   0.00000   0.00000   0.00000   0.00000   0.00000   0.00000   0.00000   0.00000   0.00000   0.00000   0.00000   0.00000   0.01384   0.00000   0.00118   0.00000   0.00000   0.00000   0.00000   0.00000   0.20447   0.04681   0.03699   0.00000   0.00000   0.00000   0.11371   0.05628   0.05869   0.11615   0.00323   0.09458   0.00000   0.06091   0.00000   0.00000   1.15130   0.81021   0.73756  
 51  9.1224     86.887042  x:  0.00000   0.00000   0.00000   0.00000   0.04134   0.04038   0.00000   0.00709   0.03959   0.00000   0.01991   0.00000   0.00000   0.00000   0.00000   0.03146   0.12593   0.00000   0.00805   0.00000   0.03400   0.00000   0.00000   0.00000   0.06377   0.02535   0.00000   0.00000   0.03824   0.00000   0.00000   0.00000   0.03206   0.00000   0.01245   0.00000   0.00000   0.03266   0.03339   0.04728   0.00000   0.00000   0.00000   0.00000   0.00000   0.00000   0.00000   0.00000   0.00000   0.00000   0.00000   0.00000   0.00000   0.00000   0.00000   0.01387   0.00000   0.00113   0.00000   0.00000   0.00000   0.00000   0.00000   0.20449   0.04677   0.03690   0.00000   0.00000   0.00000   0.11371   0.05628   0.05869   0.11615   0.00316   0.09465   0.00000   0.06091   0.00000   0.00000   1.15131   0.81021   0.73754  
 52 47.4277     86.784019  x:  0.00000   0.00000   0.00000   0.00000   0.04018   0.03921   0.00000   0.00595   0.03842   0.00000   0.01878   0.00000   0.00000   0.00000   0.00000   0.03032   0.12595   0.00000   0.00772   0.00000   0.03372   0.00000   0.00000   0.00000   0.06378   0.02484   0.00000   0.00000   0.03794   0.00000   0.00000   0.00000   0.03092   0.00000   0.01132   0.00000   0.00000   0.03151   0.03224   0.04613   0.00000   0.00000   0.00000   0.00000   0.00000   0.00000   0.00000   0.00000   0.00000   0.00000   0.00000   0.00000   0.00000   0.00000   0.00000   0.01439   0.00000   0.00000   0.00000   0.00000   0.00000   0.00000   0.00000   0.20490   0.04586   0.03442   0.00000   0.00000   0.00000   0.11376   0.05626   0.05854   0.11623   0.00126   0.09615   0.00000   0.06090   0.00000   0.00000   1.15146   0.81021   0.73687  
 53 508.7195     86.678180  x:  0.00000   0.00000   0.00000   0.00000   0.03932   0.03836   0.00000   0.00513   0.03757   0.00000   0.01794   0.00000   0.00000   0.00000   0.00000   0.02947   0.12597   0.00000   0.00743   0.00000   0.03347   0.00000   0.00000   0.00000   0.06379   0.02432   0.00000   0.00000   0.03767   0.00000   0.00000   0.00000   0.03008   0.00000   0.01047   0.00000   0.00000   0.03064   0.03138   0.04528   0.00000   0.00000   0.00000   0.00000   0.00000   0.00000   0.00000   0.00000   0.00000   0.00000   0.00000   0.00000   0.00000   0.00000   0.00000   0.01301   0.00000   0.00000   0.00000   0.00000   0.00000   0.00000   0.00000   0.20524   0.04509   0.03163   0.00000   0.00000   0.00000   0.11380   0.05621   0.05811   0.11629   0.00000   0.09674   0.00000   0.06090   0.00000   0.00000   1.15163   0.81021   0.73605  
 54 33.2944     86.096689  x:  0.00000   0.00000   0.00000   0.00000   0.03577   0.03483   0.00000   0.00174   0.03403   0.00000   0.01438   0.00000   0.00000   0.00000   0.00000   0.02591   0.12601   0.00000   0.00652   0.00000   0.03273   0.00000   0.00000   0.00000   0.06384   0.02267   0.00000   0.00000   0.03684   0.00000   0.00000   0.00000   0.02652   0.00000   0.00689   0.00000   0.00000   0.02696   0.02773   0.04168   0.00000   0.00000   0.00000   0.00000   0.00000   0.00000   0.00000   0.00000   0.00000   0.00000   0.00000   0.00000   0.00000   0.00000   0.00000   0.00000   0.00000   0.00000   0.00000   0.00000   0.00000   0.00000   0.00000   0.20692   0.04110   0.01508   0.00000   0.00000   0.00000   0.11392   0.05414   0.05393   0.11661   0.00000   0.09647   0.00000   0.06087   0.00000   0.00000   1.15244   0.81021   0.73294  
 55 62.4522     85.842701  x:  0.00000   0.00000   0.00000   0.00000   0.03393   0.03300   0.00000   0.00000   0.03220   0.00000   0.01251   0.00000   0.00000   0.00000   0.00000   0.02405   0.12603   0.00000   0.00621   0.00000   0.03250   0.00000   0.00000   0.00000   0.06387   0.02198   0.00000   0.00000   0.03656   0.00000   0.00000   0.00000   0.02466   0.00000   0.00501   0.00000   0.00000   0.02502   0.02580   0.03980   0.00000   0.00000   0.00000   0.00000   0.00000   0.00000   0.00000   0.00000   0.00000   0.00000   0.00000   0.00000   0.00000   0.00000   0.00000   0.00000   0.00000   0.00000   0.00000   0.00000   0.00000   0.00000   0.00000   0.20784   0.03892   0.00584   0.00000   0.00000   0.00000   0.11398   0.05313   0.05086   0.11678   0.00000   0.09588   0.00000   0.06085   0.00000   0.00000   1.15302   0.81021   0.73150  
 56 247.6777     85.842701  x:  0.00000   0.00000   0.00000   0.00000   0.03393   0.03300   0.00000   0.00000   0.03220   0.00000   0.01251   0.00000   0.00000   0.00000   0.00000   0.02405   0.12603   0.00000   0.00621   0.00000   0.03250   0.00000   0.00000   0.00000   0.06387   0.02198   0.00000   0.00000   0.03656   0.00000   0.00000   0.00000   0.02466   0.00000   0.00501   0.00000   0.00000   0.02502   0.02580   0.03980   0.00000   0.00000   0.00000   0.00000   0.00000   0.00000   0.00000   0.00000   0.00000   0.00000   0.00000   0.00000   0.00000   0.00000   0.00000   0.00000   0.00000   0.00000   0.00000   0.00000   0.00000   0.00000   0.00000   0.20784   0.03892   0.00584   0.00000   0.00000   0.00000   0.11398   0.05313   0.05086   0.11678   0.00000   0.09588   0.00000   0.06085   0.00000   0.00000   1.15302   0.81021   0.73150  
 57 23.5436     85.323344  x:  0.00000   0.00000   0.00000   0.00000   0.03104   0.03011   0.00000   0.00000   0.02930   0.00000   0.00961   0.00000   0.00000   0.00000   0.00000   0.02115   0.12787   0.00000   0.00371   0.00000   0.03001   0.00000   0.00000   0.00000   0.07037   0.01948   0.00000   0.00000   0.03407   0.00000   0.00000   0.00000   0.02176   0.00000   0.00211   0.00000   0.00000   0.02213   0.02290   0.03691   0.00000   0.00000   0.00000   0.00000   0.00000   0.00000   0.00000   0.00000   0.00000   0.00000   0.00000   0.00000   0.00000   0.00000   0.00000   0.00000   0.00000   0.00000   0.00000   0.00000   0.00000   0.00000   0.00000   0.21306   0.03579   0.00000   0.00000   0.00000   0.00000   0.11616   0.05015   0.04788   0.11877   0.00000   0.09053   0.00000   0.06468   0.00000   0.00000   1.15313   0.81021   0.73265  
 58 30.6117     85.083625  x:  0.00000   0.00000   0.00000   0.00000   0.02895   0.02802   0.00000   0.00000   0.02721   0.00000   0.00751   0.00000   0.00000   0.00000   0.00000   0.01906   0.12881   0.00000   0.00190   0.00000   0.02821   0.00000   0.00000   0.00000   0.07006   0.01768   0.00000   0.00000   0.03227   0.00000   0.00000   0.00000   0.01967   0.00000   0.00000   0.00000   0.00000   0.02003   0.02081   0.03482   0.00000   0.00000   0.00000   0.00000   0.00000   0.00000   0.00000   0.00000   0.00000   0.00000   0.00000   0.00000   0.00000   0.00000   0.00000   0.00000   0.00000   0.00000   0.00000   0.00000   0.00000   0.00000   0.00000   0.21550   0.03342   0.00000   0.00000   0.00000   0.00000   0.11713   0.04797   0.04570   0.11972   0.00000   0.08665   0.00000   0.06410   0.00000   0.00000   1.15319   0.81021   0.73355  
 59 85.5220     84.859388  x:  0.00000   0.00000   0.00000   0.00000   0.02675   0.02583   0.00000   0.00000   0.02502   0.00000   0.00531   0.00000   0.00000   0.00000   0.00000   0.01686   0.12918   0.00000   0.00000   0.00000   0.02632   0.00000   0.00000   0.00000   0.06976   0.01579   0.00000   0.00000   0.03039   0.00000   0.00000   0.00000   0.01747   0.00000   0.00000   0.00000   0.00000   0.01784   0.01861   0.03263   0.00000   0.00000   0.00000   0.00000   0.00000   0.00000   0.00000   0.00000   0.00000   0.00000   0.00000   0.00000   0.00000   0.00000   0.00000   0.00000   0.00000   0.00000   0.00000   0.00000   0.00000   0.00000   0.00000   0.21633   0.03089   0.00000   0.00000   0.00000   0.00000   0.11732   0.04566   0.04339   0.12003   0.00000   0.08258   0.00000   0.06447   0.00000   0.00000   1.15327   0.81021   0.73464  
 60 423.4190     84.338911  x:  0.00000   0.00000   0.00000   0.00000   0.02147   0.02054   0.00000   0.00000   0.01973   0.00000   0.00000   0.00000   0.00000   0.00000   0.00000   0.01156   0.13006   0.00000   0.00000   0.00000   0.02178   0.00000   0.00000   0.00000   0.06906   0.01123   0.00000   0.00000   0.02585   0.00000   0.00000   0.00000   0.01218   0.00000   0.00000   0.00000   0.00000   0.01254   0.01332   0.02735   0.00000   0.00000   0.00000   0.00000   0.00000   0.00000   0.00000   0.00000   0.00000   0.00000   0.00000   0.00000   0.00000   0.00000   0.00000   0.00000   0.00000   0.00000   0.00000   0.00000   0.00000   0.00000   0.00000   0.21832   0.02481   0.00000   0.00000   0.00000   0.00000   0.11777   0.04008   0.03781   0.12075   0.00000   0.07274   0.00000   0.06531   0.00000   0.00000   1.15347   0.81021   0.73727  
 61 2887792.4923     83.275525  x:  0.00000   0.00000   0.00000   0.00000   0.00993   0.00900   0.00000   0.00000   0.00819   0.00000   0.00000   0.00000   0.00000   0.00000   0.00000   0.00000   0.13132   0.00000   0.00000   0.00000   0.01188   0.00000   0.00000   0.00000   0.06721   0.00132   0.00000   0.00000   0.01596   0.00000   0.00000   0.00000   0.00062   0.00000   0.00000   0.00000   0.00000   0.00099   0.00176   0.01582   0.00000   0.00000   0.00000   0.00000   0.00000   0.00000   0.00000   0.00000   0.00000   0.00000   0.00000   0.00000   0.00000   0.00000   0.00000   0.00000   0.00000   0.00000   0.00000   0.00000   0.00000   0.00000   0.00000   0.22340   0.01392   0.00000   0.00000   0.00000   0.00000   0.11834   0.02774   0.02547   0.12160   0.00000   0.05122   0.00000   0.06750   0.00000   0.00000   1.15387   0.81021   0.74277  
 62 1611.9018     83.221969  x:  0.00000   0.00000   0.00000   0.00000   0.00931   0.00838   0.00000   0.00000   0.00757   0.00000   0.00000   0.00000   0.00000   0.00000   0.00000   0.00000   0.13146   0.00000   0.00000   0.00000   0.01135   0.00000   0.00000   0.00000   0.06714   0.00079   0.00000   0.00000   0.01543   0.00000   0.00000   0.00000   0.00000   0.00000   0.00000   0.00000   0.00000   0.00037   0.00115   0.01521   0.00000   0.00000   0.00000   0.00000   0.00000   0.00000   0.00000   0.00000   0.00000   0.00000   0.00000   0.00000   0.00000   0.00000   0.00000   0.00000   0.00000   0.00000   0.00000   0.00000   0.00000   0.00000   0.00000   0.22357   0.01328   0.00000   0.00000   0.00000   0.00000   0.11843   0.02709   0.02482   0.12172   0.00000   0.05008   0.00000   0.06759   0.00000   0.00000   1.15389   0.81021   0.74303  
 63 3820.8403     83.191712  x:  0.00000   0.00000   0.00000   0.00000   0.00895   0.00802   0.00000   0.00000   0.00721   0.00000   0.00000   0.00000   0.00000   0.00000   0.00000   0.00000   0.13152   0.00000   0.00000   0.00000   0.01103   0.00000   0.00000   0.00000   0.06711   0.00047   0.00000   0.00000   0.01512   0.00000   0.00000   0.00000   0.00000   0.00000   0.00000   0.00000   0.00000   0.00000   0.00078   0.01484   0.00000   0.00000   0.00000   0.00000   0.00000   0.00000   0.00000   0.00000   0.00000   0.00000   0.00000   0.00000   0.00000   0.00000   0.00000   0.00000   0.00000   0.00000   0.00000   0.00000   0.00000   0.00000   0.00000   0.22373   0.01282   0.00000   0.00000   0.00000   0.00000   0.11839   0.02670   0.02443   0.12173   0.00000   0.04939   0.00000   0.06763   0.00000   0.00000   1.15391   0.81021   0.74307  
 64 576.2768     83.149958  x:  0.00000   0.00000   0.00000   0.00000   0.00841   0.00748   0.00000   0.00000   0.00667   0.00000   0.00000   0.00000   0.00000   0.00000   0.00000   0.00000   0.13147   0.00000   0.00000   0.00000   0.01057   0.00000   0.00000   0.00000   0.06705   0.00000   0.00000   0.00000   0.01465   0.00000   0.00000   0.00000   0.00000   0.00000   0.00000   0.00000   0.00000   0.00000   0.00024   0.01430   0.00000   0.00000   0.00000   0.00000   0.00000   0.00000   0.00000   0.00000   0.00000   0.00000   0.00000   0.00000   0.00000   0.00000   0.00000   0.00000   0.00000   0.00000   0.00000   0.00000   0.00000   0.00000   0.00000   0.22392   0.01225   0.00000   0.00000   0.00000   0.00000   0.11851   0.02610   0.02383   0.12177   0.00000   0.04834   0.00000   0.06770   0.00000   0.00000   1.15392   0.81021   0.74315  
 65 832.8728     83.132770  x:  0.00000   0.00000   0.00000   0.00000   0.00817   0.00724   0.00000   0.00000   0.00643   0.00000   0.00000   0.00000   0.00000   0.00000   0.00000   0.00000   0.13151   0.00000   0.00000   0.00000   0.01036   0.00000   0.00000   0.00000   0.06702   0.00000   0.00000   0.00000   0.01445   0.00000   0.00000   0.00000   0.00000   0.00000   0.00000   0.00000   0.00000   0.00000   0.00000   0.01406   0.00000   0.00000   0.00000   0.00000   0.00000   0.00000   0.00000   0.00000   0.00000   0.00000   0.00000   0.00000   0.00000   0.00000   0.00000   0.00000   0.00000   0.00000   0.00000   0.00000   0.00000   0.00000   0.00000   0.22400   0.01206   0.00000   0.00000   0.00000   0.00000   0.11852   0.02584   0.02357   0.12181   0.00000   0.04787   0.00000   0.06774   0.00000   0.00000   1.15393   0.81021   0.74320  
 66 1091.8999     82.685617  x:  0.00000   0.00000   0.00000   0.00000   0.00175   0.00082   0.00000   0.00000   0.00000   0.00000   0.00000   0.00000   0.00000   0.00000   0.00000   0.00000   0.13364   0.00000   0.00000   0.00000   0.00473   0.00000   0.00000   0.00000   0.06630   0.00000   0.00000   0.00000   0.00882   0.00000   0.00000   0.00000   0.00000   0.00000   0.00000   0.00000   0.00000   0.00000   0.00000   0.00762   0.00000   0.00000   0.00000   0.00000   0.00000   0.00000   0.00000   0.00000   0.00000   0.00000   0.00000   0.00000   0.00000   0.00000   0.00000   0.00000   0.00000   0.00000   0.00000   0.00000   0.00000   0.00000   0.00000   0.22597   0.00661   0.00000   0.00000   0.00000   0.00000   0.12000   0.01822   0.01595   0.12068   0.00000   0.03444   0.00000   0.06868   0.00000   0.00000   1.15410   0.81021   0.74436  
 67 635.8276     82.632131  x:  0.00000   0.00000   0.00000   0.00000   0.00093   0.00000   0.00000   0.00000   0.00000   0.00000   0.00000   0.00000   0.00000   0.00000   0.00000   0.00000   0.13374   0.00000   0.00000   0.00000   0.00401   0.00000   0.00000   0.00000   0.06621   0.00000   0.00000   0.00000   0.00810   0.00000   0.00000   0.00000   0.00000   0.00000   0.00000   0.00000   0.00000   0.00000   0.00000   0.00681   0.00000   0.00000   0.00000   0.00000   0.00000   0.00000   0.00000   0.00000   0.00000   0.00000   0.00000   0.00000   0.00000   0.00000   0.00000   0.00000   0.00000   0.00000   0.00000   0.00000   0.00000   0.00000   0.00000   0.22624   0.00587   0.00000   0.00000   0.00000   0.00000   0.12006   0.01723   0.01495   0.12077   0.00000   0.03267   0.00000   0.06880   0.00000   0.00000   1.15411   0.81021   0.74446  
 68 785.5869     82.575237  x:  0.00000   0.00000   0.00000   0.00000   0.00000   0.00000   0.00000   0.00000   0.00000   0.00000   0.00000   0.00000   0.00000   0.00000   0.00000   0.00000   0.13386   0.00000   0.00000   0.00000   0.00319   0.00000   0.00000   0.00000   0.06611   0.00000   0.00000   0.00000   0.00728   0.00000   0.00000   0.00000   0.00000   0.00000   0.00000   0.00000   0.00000   0.00000   0.00000   0.00588   0.00000   0.00000   0.00000   0.00000   0.00000   0.00000   0.00000   0.00000   0.00000   0.00000   0.00000   0.00000   0.00000   0.00000   0.00000   0.00000   0.00000   0.00000   0.00000   0.00000   0.00000   0.00000   0.00000   0.22652   0.00512   0.00000   0.00000   0.00000   0.00000   0.12013   0.01603   0.01375   0.12087   0.00000   0.03058   0.00000   0.06892   0.00000   0.00000   1.15412   0.81021   0.74444  
 69 839.7301     82.371339  x:  0.00000   0.00000   0.00000   0.00000   0.00000   0.00000   0.00000   0.00000   0.00000   0.00000   0.00000   0.00000   0.00000   0.00000   0.00000   0.00000   0.13435   0.00000   0.00000   0.00000   0.00000   0.00000   0.00000   0.00000   0.06573   0.00000   0.00000   0.00000   0.00409   0.00000   0.00000   0.00000   0.00000   0.00000   0.00000   0.00000   0.00000   0.00000   0.00000   0.00229   0.00000   0.00000   0.00000   0.00000   0.00000   0.00000   0.00000   0.00000   0.00000   0.00000   0.00000   0.00000   0.00000   0.00000   0.00000   0.00000   0.00000   0.00000   0.00000   0.00000   0.00000   0.00000   0.00000   0.22765   0.00217   0.00000   0.00000   0.00000   0.00000   0.12040   0.01130   0.00902   0.12124   0.00000   0.02237   0.00000   0.06942   0.00000   0.00000   1.15413   0.81021   0.74441  
 70 9564.0372     82.252541  x:  0.00000   0.00000   0.00000   0.00000   0.00000   0.00000   0.00000   0.00000   0.00000   0.00000   0.00000   0.00000   0.00000   0.00000   0.00000   0.00000   0.13465   0.00000   0.00000   0.00000   0.00000   0.00000   0.00000   0.00000   0.06550   0.00000   0.00000   0.00000   0.00207   0.00000   0.00000   0.00000   0.00000   0.00000   0.00000   0.00000   0.00000   0.00000   0.00000   0.00000   0.00000   0.00000   0.00000   0.00000   0.00000   0.00000   0.00000   0.00000   0.00000   0.00000   0.00000   0.00000   0.00000   0.00000   0.00000   0.00000   0.00000   0.00000   0.00000   0.00000   0.00000   0.00000   0.00000   0.22832   0.00044   0.00000   0.00000   0.00000   0.00000   0.12057   0.00828   0.00600   0.12147   0.00000   0.01715   0.00000   0.06972   0.00000   0.00000   1.15412   0.81021   0.74405  
 71 1109.9121     82.225919  x:  0.00000   0.00000   0.00000   0.00000   0.00000   0.00000   0.00000   0.00000   0.00000   0.00000   0.00000   0.00000   0.00000   0.00000   0.00000   0.00000   0.13472   0.00000   0.00000   0.00000   0.00000   0.00000   0.00000   0.00000   0.06545   0.00000   0.00000   0.00000   0.00158   0.00000   0.00000   0.00000   0.00000   0.00000   0.00000   0.00000   0.00000   0.00000   0.00000   0.00000   0.00000   0.00000   0.00000   0.00000   0.00000   0.00000   0.00000   0.00000   0.00000   0.00000   0.00000   0.00000   0.00000   0.00000   0.00000   0.00000   0.00000   0.00000   0.00000   0.00000   0.00000   0.00000   0.00000   0.22849   0.00000   0.00000   0.00000   0.00000   0.00000   0.12061   0.00754   0.00526   0.12153   0.00000   0.01585   0.00000   0.06979   0.00000   0.00000   1.15412   0.81021   0.74401  
 72 598.4511     82.225919  x:  0.00000   0.00000   0.00000   0.00000   0.00000   0.00000   0.00000   0.00000   0.00000   0.00000   0.00000   0.00000   0.00000   0.00000   0.00000   0.00000   0.13472   0.00000   0.00000   0.00000   0.00000   0.00000   0.00000   0.00000   0.06545   0.00000   0.00000   0.00000   0.00158   0.00000   0.00000   0.00000   0.00000   0.00000   0.00000   0.00000   0.00000   0.00000   0.00000   0.00000   0.00000   0.00000   0.00000   0.00000   0.00000   0.00000   0.00000   0.00000   0.00000   0.00000   0.00000   0.00000   0.00000   0.00000   0.00000   0.00000   0.00000   0.00000   0.00000   0.00000   0.00000   0.00000   0.00000   0.22849   0.00000   0.00000   0.00000   0.00000   0.00000   0.12061   0.00754   0.00526   0.12153   0.00000   0.01585   0.00000   0.06979   0.00000   0.00000   1.15412   0.81021   0.74401  
 73  6.8210     82.079837  x:  0.00000   0.00000   0.00000   0.00000   0.00000   0.00000   0.00000   0.00000   0.00000   0.00000   0.00000   0.00000   0.00000   0.00000   0.00000   0.00000   0.13570   0.00000   0.00000   0.00000   0.00000   0.00000   0.00000   0.00000   0.06938   0.00000   0.00000   0.00000   0.00000   0.00000   0.00000   0.00000   0.00000   0.00000   0.00000   0.00000   0.00000   0.00000   0.00000   0.00000   0.00000   0.00000   0.00000   0.00000   0.00000   0.00000   0.00000   0.00000   0.00000   0.00000   0.00000   0.00000   0.00000   0.00000   0.00000   0.00000   0.00000   0.00000   0.00000   0.00000   0.00000   0.00000   0.00000   0.23142   0.00000   0.00000   0.00000   0.00000   0.00000   0.12178   0.00563   0.00335   0.12266   0.00000   0.01245   0.00000   0.07146   0.00000   0.00000   1.15418   0.81021   0.74481  
 74 20.5296     81.957422  x:  0.00000   0.00000   0.00000   0.00000   0.00000   0.00000   0.00000   0.00000   0.00000   0.00000   0.00000   0.00000   0.00000   0.00000   0.00000   0.00000   0.13691   0.00000   0.00000   0.00000   0.00000   0.00000   0.00000   0.00000   0.06843   0.00000   0.00000   0.00000   0.00000   0.00000   0.00000   0.00000   0.00000   0.00000   0.00000   0.00000   0.00000   0.00000   0.00000   0.00000   0.00000   0.00000   0.00000   0.00000   0.00000   0.00000   0.00000   0.00000   0.00000   0.00000   0.00000   0.00000   0.00000   0.00000   0.00000   0.00000   0.00000   0.00000   0.00000   0.00000   0.00000   0.00000   0.00000   0.23453   0.00000   0.00000   0.00000   0.00000   0.00000   0.12309   0.00228   0.00000   0.12396   0.00000   0.00652   0.00000   0.07137   0.00000   0.00000   1.15428   0.81021   0.74611  
 75 28.3995     81.902418  x:  0.00000   0.00000   0.00000   0.00000   0.00000   0.00000   0.00000   0.00000   0.00000   0.00000   0.00000   0.00000   0.00000   0.00000   0.00000   0.00000   0.13717   0.00000   0.00000   0.00000   0.00000   0.00000   0.00000   0.00000   0.06852   0.00000   0.00000   0.00000   0.00000   0.00000   0.00000   0.00000   0.00000   0.00000   0.00000   0.00000   0.00000   0.00000   0.00000   0.00000   0.00000   0.00000   0.00000   0.00000   0.00000   0.00000   0.00000   0.00000   0.00000   0.00000   0.00000   0.00000   0.00000   0.00000   0.00000   0.00000   0.00000   0.00000   0.00000   0.00000   0.00000   0.00000   0.00000   0.23465   0.00000   0.00000   0.00000   0.00000   0.00000   0.12322   0.00000   0.00000   0.12410   0.00000   0.00253   0.00000   0.07113   0.00000   0.00000   1.15435   0.81021   0.74687  
 76 56.8343     81.875352  x:  0.00000   0.00000   0.00000   0.00000   0.00000   0.00000   0.00000   0.00000   0.00000   0.00000   0.00000   0.00000   0.00000   0.00000   0.00000   0.00000   0.13733   0.00000   0.00000   0.00000   0.00000   0.00000   0.00000   0.00000   0.06859   0.00000   0.00000   0.00000   0.00000   0.00000   0.00000   0.00000   0.00000   0.00000   0.00000   0.00000   0.00000   0.00000   0.00000   0.00000   0.00000   0.00000   0.00000   0.00000   0.00000   0.00000   0.00000   0.00000   0.00000   0.00000   0.00000   0.00000   0.00000   0.00000   0.00000   0.00000   0.00000   0.00000   0.00000   0.00000   0.00000   0.00000   0.00000   0.23473   0.00000   0.00000   0.00000   0.00000   0.00000   0.12331   0.00000   0.00000   0.12419   0.00000   0.00000   0.00000   0.07097   0.00000   0.00000   1.15439   0.81021   0.74735  
 77 182185.8264     81.435364  x:  0.00000   0.00000   0.00000   0.00000   0.00000   0.00000   0.00000   0.00000   0.00000   0.00000   0.00000   0.00000   0.00000   0.00000   0.00000   0.00000   0.22355   0.00000   0.00000   0.00000   0.00000   0.00000   0.00000   0.00000   0.06527   0.00000   0.00000   0.00000   0.00000   0.00000   0.00000   0.00000   0.00000   0.00000   0.00000   0.00000   0.00000   0.00000   0.00000   0.00000   0.00000   0.00000   0.00000   0.00000   0.00000   0.00000   0.00000   0.00000   0.00000   0.00000   0.00000   0.00000   0.00000   0.00000   0.00000   0.00000   0.00000   0.00000   0.00000   0.00000   0.00000   0.00000   0.00000   0.20367   0.00000   0.00000   0.00000   0.00000   0.00000   0.14486   0.00000   0.00000   0.15149   0.00000   0.00000   0.00000   0.11506   0.00000   0.00000   1.19634   0.81021   1.06669  
 78  1.9456     80.854947  x:  0.00000   0.00000   0.00000   0.00000   0.00000   0.00000   0.00000   0.00000   0.00000   0.00000   0.00000   0.00000   0.00000   0.00000   0.00000   0.00000   0.16162   0.00000   0.00000   0.00000   0.00000   0.00000   0.00000   0.00000   0.07685   0.00000   0.00000   0.00000   0.00000   0.00000   0.00000   0.00000   0.00000   0.00000   0.00000   0.00000   0.00000   0.00000   0.00000   0.00000   0.00000   0.00000   0.00000   0.00000   0.00000   0.00000   0.00000   0.00000   0.00000   0.00000   0.00000   0.00000   0.00000   0.00000   0.00000   0.00000   0.00000   0.00000   0.00000   0.00000   0.00000   0.00000   0.00000   0.28749   0.00000   0.00000   0.00000   0.00000   0.00000   0.09830   0.00000   0.00000   0.09720   0.00000   0.00000   0.00000   0.12002   0.00000   0.00000   1.25248   0.81021   1.44724  
 79  7.9701     80.704690  x:  0.00000   0.00000   0.00000   0.00000   0.00000   0.00000   0.00000   0.00000   0.00000   0.00000   0.00000   0.00000   0.00000   0.00000   0.00000   0.00000   0.10767   0.00000   0.00000   0.00000   0.00000   0.00000   0.00000   0.00000   0.08092   0.00000   0.00000   0.00000   0.00000   0.00000   0.00000   0.00000   0.00000   0.00000   0.00000   0.00000   0.00000   0.00000   0.00000   0.00000   0.00000   0.00000   0.00000   0.00000   0.00000   0.00000   0.00000   0.00000   0.00000   0.00000   0.00000   0.00000   0.00000   0.00000   0.00000   0.00000   0.00000   0.00000   0.00000   0.00000   0.00000   0.00000   0.00000   0.29315   0.00000   0.00000   0.00000   0.00000   0.00000   0.12564   0.00000   0.00000   0.12250   0.00000   0.00000   0.00000   0.11959   0.00000   0.00000   1.26640   0.81021   1.52894  
 80  5.7519     79.944688  x:  0.00000   0.00000   0.00000   0.00000   0.00000   0.00000   0.00000   0.00000   0.00000   0.00000   0.00000   0.00000   0.00000   0.00000   0.00000   0.00000   0.24922   0.00000   0.00000   0.00000   0.00000   0.00000   0.00000   0.00000   0.13881   0.00000   0.00000   0.00000   0.00000   0.00000   0.00000   0.00000   0.00000   0.00000   0.00000   0.00000   0.00000   0.00000   0.00000   0.00000   0.00000   0.00000   0.00000   0.00000   0.00000   0.00000   0.00000   0.00000   0.00000   0.00000   0.00000   0.00000   0.00000   0.00000   0.00000   0.00000   0.00000   0.00000   0.00000   0.00000   0.00000   0.00000   0.00000   0.39766   0.00000   0.00000   0.00000   0.00000   0.00000   0.20851   0.00000   0.00000   0.20613   0.00000   0.00000   0.00000   0.12527   0.00000   0.00000   1.36956   0.81021   1.48845  
 81  0.2953     79.837262  x:  0.00000   0.00000   0.00000   0.00000   0.00000   0.00000   0.00000   0.00000   0.00000   0.00000   0.00000   0.00000   0.00000   0.00000   0.00000   0.00000   0.21928   0.00000   0.00000   0.00000   0.00000   0.00000   0.00000   0.00000   0.16642   0.00000   0.00000   0.00000   0.00000   0.00000   0.00000   0.00000   0.00000   0.00000   0.00000   0.00000   0.00000   0.00000   0.00000   0.00000   0.00000   0.00000   0.00000   0.00000   0.00000   0.00000   0.00000   0.00000   0.00000   0.00000   0.00000   0.00000   0.00000   0.00000   0.00000   0.00000   0.00000   0.00000   0.00000   0.00000   0.00000   0.00000   0.00000   0.41433   0.00000   0.00000   0.00000   0.00000   0.00000   0.16343   0.00000   0.00000   0.23882   0.00000   0.00000   0.00000   0.11452   0.00000   0.00000   1.13683   0.81021   1.66712  
 82  0.1956     79.781187  x:  0.00000   0.00000   0.00000   0.00000   0.00000   0.00000   0.00000   0.00000   0.00000   0.00000   0.00000   0.00000   0.00000   0.00000   0.00000   0.00000   0.20521   0.00000   0.00000   0.00000   0.00000   0.00000   0.00000   0.00000   0.18180   0.00000   0.00000   0.00000   0.00000   0.00000   0.00000   0.00000   0.00000   0.00000   0.00000   0.00000   0.00000   0.00000   0.00000   0.00000   0.00000   0.00000   0.00000   0.00000   0.00000   0.00000   0.00000   0.00000   0.00000   0.00000   0.00000   0.00000   0.00000   0.00000   0.00000   0.00000   0.00000   0.00000   0.00000   0.00000   0.00000   0.00000   0.00000   0.42101   0.00000   0.00000   0.00000   0.00000   0.00000   0.19844   0.00000   0.00000   0.19871   0.00000   0.00000   0.00000   0.10837   0.00000   0.00000   1.01723   0.81021   1.76676  
 83  2.6549     79.734942  x:  0.00000   0.00000   0.00000   0.00000   0.00000   0.00000   0.00000   0.00000   0.00000   0.00000   0.00000   0.00000   0.00000   0.00000   0.00000   0.00000   0.18911   0.00000   0.00000   0.00000   0.00000   0.00000   0.00000   0.00000   0.20271   0.00000   0.00000   0.00000   0.00000   0.00000   0.00000   0.00000   0.00000   0.00000   0.00000   0.00000   0.00000   0.00000   0.00000   0.00000   0.00000   0.00000   0.00000   0.00000   0.00000   0.00000   0.00000   0.00000   0.00000   0.00000   0.00000   0.00000   0.00000   0.00000   0.00000   0.00000   0.00000   0.00000   0.00000   0.00000   0.00000   0.00000   0.00000   0.42308   0.00000   0.00000   0.00000   0.00000   0.00000   0.20186   0.00000   0.00000   0.18647   0.00000   0.00000   0.00000   0.09882   0.00000   0.00000   1.21118   0.81021   1.89479  
 84  0.2092     79.714519  x:  0.00000   0.00000   0.00000   0.00000   0.00000   0.00000   0.00000   0.00000   0.00000   0.00000   0.00000   0.00000   0.00000   0.00000   0.00000   0.00000   0.19049   0.00000   0.00000   0.00000   0.00000   0.00000   0.00000   0.00000   0.22981   0.00000   0.00000   0.00000   0.00000   0.00000   0.00000   0.00000   0.00000   0.00000   0.00000   0.00000   0.00000   0.00000   0.00000   0.00000   0.00000   0.00000   0.00000   0.00000   0.00000   0.00000   0.00000   0.00000   0.00000   0.00000   0.00000   0.00000   0.00000   0.00000   0.00000   0.00000   0.00000   0.00000   0.00000   0.00000   0.00000   0.00000   0.00000   0.41302   0.00000   0.00000   0.00000   0.00000   0.00000   0.18213   0.00000   0.00000   0.20138   0.00000   0.00000   0.00000   0.10348   0.00000   0.00000   1.16690   0.81021   2.04643  
 85  0.0560     79.708039  x:  0.00000   0.00000   0.00000   0.00000   0.00000   0.00000   0.00000   0.00000   0.00000   0.00000   0.00000   0.00000   0.00000   0.00000   0.00000   0.00000   0.19870   0.00000   0.00000   0.00000   0.00000   0.00000   0.00000   0.00000   0.23866   0.00000   0.00000   0.00000   0.00000   0.00000   0.00000   0.00000   0.00000   0.00000   0.00000   0.00000   0.00000   0.00000   0.00000   0.00000   0.00000   0.00000   0.00000   0.00000   0.00000   0.00000   0.00000   0.00000   0.00000   0.00000   0.00000   0.00000   0.00000   0.00000   0.00000   0.00000   0.00000   0.00000   0.00000   0.00000   0.00000   0.00000   0.00000   0.40357   0.00000   0.00000   0.00000   0.00000   0.00000   0.19242   0.00000   0.00000   0.18899   0.00000   0.00000   0.00000   0.10660   0.00000   0.00000   1.16412   0.81021   2.09295  
 86  0.0356     79.707628  x:  0.00000   0.00000   0.00000   0.00000   0.00000   0.00000   0.00000   0.00000   0.00000   0.00000   0.00000   0.00000   0.00000   0.00000   0.00000   0.00000   0.20028   0.00000   0.00000   0.00000   0.00000   0.00000   0.00000   0.00000   0.24010   0.00000   0.00000   0.00000   0.00000   0.00000   0.00000   0.00000   0.00000   0.00000   0.00000   0.00000   0.00000   0.00000   0.00000   0.00000   0.00000   0.00000   0.00000   0.00000   0.00000   0.00000   0.00000   0.00000   0.00000   0.00000   0.00000   0.00000   0.00000   0.00000   0.00000   0.00000   0.00000   0.00000   0.00000   0.00000   0.00000   0.00000   0.00000   0.39969   0.00000   0.00000   0.00000   0.00000   0.00000   0.19095   0.00000   0.00000   0.19075   0.00000   0.00000   0.00000   0.10504   0.00000   0.00000   1.16814   0.81021   2.10517  
 87  0.0068     79.707499  x:  0.00000   0.00000   0.00000   0.00000   0.00000   0.00000   0.00000   0.00000   0.00000   0.00000   0.00000   0.00000   0.00000   0.00000   0.00000   0.00000   0.20030   0.00000   0.00000   0.00000   0.00000   0.00000   0.00000   0.00000   0.23767   0.00000   0.00000   0.00000   0.00000   0.00000   0.00000   0.00000   0.00000   0.00000   0.00000   0.00000   0.00000   0.00000   0.00000   0.00000   0.00000   0.00000   0.00000   0.00000   0.00000   0.00000   0.00000   0.00000   0.00000   0.00000   0.00000   0.00000   0.00000   0.00000   0.00000   0.00000   0.00000   0.00000   0.00000   0.00000   0.00000   0.00000   0.00000   0.39932   0.00000   0.00000   0.00000   0.00000   0.00000   0.19240   0.00000   0.00000   0.19026   0.00000   0.00000   0.00000   0.10412   0.00000   0.00000   1.16527   0.81021   2.10611  
 88  0.0016     79.707309  x:  0.00000   0.00000   0.00000   0.00000   0.00000   0.00000   0.00000   0.00000   0.00000   0.00000   0.00000   0.00000   0.00000   0.00000   0.00000   0.00000   0.20045   0.00000   0.00000   0.00000   0.00000   0.00000   0.00000   0.00000   0.23567   0.00000   0.00000   0.00000   0.00000   0.00000   0.00000   0.00000   0.00000   0.00000   0.00000   0.00000   0.00000   0.00000   0.00000   0.00000   0.00000   0.00000   0.00000   0.00000   0.00000   0.00000   0.00000   0.00000   0.00000   0.00000   0.00000   0.00000   0.00000   0.00000   0.00000   0.00000   0.00000   0.00000   0.00000   0.00000   0.00000   0.00000   0.00000   0.39878   0.00000   0.00000   0.00000   0.00000   0.00000   0.19237   0.00000   0.00000   0.19148   0.00000   0.00000   0.00000   0.10501   0.00000   0.00000   1.16341   0.81021   2.13876  
 89  0.0066     79.707277  x:  0.00000   0.00000   0.00000   0.00000   0.00000   0.00000   0.00000   0.00000   0.00000   0.00000   0.00000   0.00000   0.00000   0.00000   0.00000   0.00000   0.19990   0.00000   0.00000   0.00000   0.00000   0.00000   0.00000   0.00000   0.23605   0.00000   0.00000   0.00000   0.00000   0.00000   0.00000   0.00000   0.00000   0.00000   0.00000   0.00000   0.00000   0.00000   0.00000   0.00000   0.00000   0.00000   0.00000   0.00000   0.00000   0.00000   0.00000   0.00000   0.00000   0.00000   0.00000   0.00000   0.00000   0.00000   0.00000   0.00000   0.00000   0.00000   0.00000   0.00000   0.00000   0.00000   0.00000   0.39885   0.00000   0.00000   0.00000   0.00000   0.00000   0.19219   0.00000   0.00000   0.19078   0.00000   0.00000   0.00000   0.10471   0.00000   0.00000   1.16596   0.81021   2.14990  
 90  0.0074     79.707272  x:  0.00000   0.00000   0.00000   0.00000   0.00000   0.00000   0.00000   0.00000   0.00000   0.00000   0.00000   0.00000   0.00000   0.00000   0.00000   0.00000   0.20023   0.00000   0.00000   0.00000   0.00000   0.00000   0.00000   0.00000   0.23578   0.00000   0.00000   0.00000   0.00000   0.00000   0.00000   0.00000   0.00000   0.00000   0.00000   0.00000   0.00000   0.00000   0.00000   0.00000   0.00000   0.00000   0.00000   0.00000   0.00000   0.00000   0.00000   0.00000   0.00000   0.00000   0.00000   0.00000   0.00000   0.00000   0.00000   0.00000   0.00000   0.00000   0.00000   0.00000   0.00000   0.00000   0.00000   0.39918   0.00000   0.00000   0.00000   0.00000   0.00000   0.19190   0.00000   0.00000   0.19062   0.00000   0.00000   0.00000   0.10468   0.00000   0.00000   1.16532   0.81021   2.15054  
 91  0.0004     79.707272  x:  0.00000   0.00000   0.00000   0.00000   0.00000   0.00000   0.00000   0.00000   0.00000   0.00000   0.00000   0.00000   0.00000   0.00000   0.00000   0.00000   0.20029   0.00000   0.00000   0.00000   0.00000   0.00000   0.00000   0.00000   0.23584   0.00000   0.00000   0.00000   0.00000   0.00000   0.00000   0.00000   0.00000   0.00000   0.00000   0.00000   0.00000   0.00000   0.00000   0.00000   0.00000   0.00000   0.00000   0.00000   0.00000   0.00000   0.00000   0.00000   0.00000   0.00000   0.00000   0.00000   0.00000   0.00000   0.00000   0.00000   0.00000   0.00000   0.00000   0.00000   0.00000   0.00000   0.00000   0.39911   0.00000   0.00000   0.00000   0.00000   0.00000   0.19187   0.00000   0.00000   0.19058   0.00000   0.00000   0.00000   0.10468   0.00000   0.00000   1.16537   0.81021   2.15041  
 92  0.0002     79.707272  x:  0.00000   0.00000   0.00000   0.00000   0.00000   0.00000   0.00000   0.00000   0.00000   0.00000   0.00000   0.00000   0.00000   0.00000   0.00000   0.00000   0.20028   0.00000   0.00000   0.00000   0.00000   0.00000   0.00000   0.00000   0.23583   0.00000   0.00000   0.00000   0.00000   0.00000   0.00000   0.00000   0.00000   0.00000   0.00000   0.00000   0.00000   0.00000   0.00000   0.00000   0.00000   0.00000   0.00000   0.00000   0.00000   0.00000   0.00000   0.00000   0.00000   0.00000   0.00000   0.00000   0.00000   0.00000   0.00000   0.00000   0.00000   0.00000   0.00000   0.00000   0.00000   0.00000   0.00000   0.39910   0.00000   0.00000   0.00000   0.00000   0.00000   0.19187   0.00000   0.00000   0.19058   0.00000   0.00000   0.00000   0.10468   0.00000   0.00000   1.16538   0.81021   2.15037  
 93  0.0000     79.707272  x:  0.00000   0.00000   0.00000   0.00000   0.00000   0.00000   0.00000   0.00000   0.00000   0.00000   0.00000   0.00000   0.00000   0.00000   0.00000   0.00000   0.20028   0.00000   0.00000   0.00000   0.00000   0.00000   0.00000   0.00000   0.23583   0.00000   0.00000   0.00000   0.00000   0.00000   0.00000   0.00000   0.00000   0.00000   0.00000   0.00000   0.00000   0.00000   0.00000   0.00000   0.00000   0.00000   0.00000   0.00000   0.00000   0.00000   0.00000   0.00000   0.00000   0.00000   0.00000   0.00000   0.00000   0.00000   0.00000   0.00000   0.00000   0.00000   0.00000   0.00000   0.00000   0.00000   0.00000   0.39910   0.00000   0.00000   0.00000   0.00000   0.00000   0.19186   0.00000   0.00000   0.19058   0.00000   0.00000   0.00000   0.10468   0.00000   0.00000   1.16538   0.81021   2.15037  
 94  0.0000     79.707272  x:  0.00000   0.00000   0.00000   0.00000   0.00000   0.00000   0.00000   0.00000   0.00000   0.00000   0.00000   0.00000   0.00000   0.00000   0.00000   0.00000   0.20028   0.00000   0.00000   0.00000   0.00000   0.00000   0.00000   0.00000   0.23583   0.00000   0.00000   0.00000   0.00000   0.00000   0.00000   0.00000   0.00000   0.00000   0.00000   0.00000   0.00000   0.00000   0.00000   0.00000   0.00000   0.00000   0.00000   0.00000   0.00000   0.00000   0.00000   0.00000   0.00000   0.00000   0.00000   0.00000   0.00000   0.00000   0.00000   0.00000   0.00000   0.00000   0.00000   0.00000   0.00000   0.00000   0.00000   0.39910   0.00000   0.00000   0.00000   0.00000   0.00000   0.19186   0.00000   0.00000   0.19058   0.00000   0.00000   0.00000   0.10468   0.00000   0.00000   1.16538   0.81021   2.15037  