

TREE # 1

  0  0.0000    168.250030  x:  0.04013   0.01655   0.05025   0.01492   0.06040   0.05961   0.02933   0.03469   0.05915   0.01721   0.04449   0.02224   0.02088   0.01422   0.01704   0.05327   0.13759   0.02300   0.04325   0.02975   0.06285   0.03197   0.01106   0.01750   0.00809   0.06076   0.03597   0.12973   0.06664   0.00990   0.01805   0.01474   0.05371   0.01042   0.03888   0.02598   0.02906   0.05400   0.05455   0.06512   0.00610   0.01078   0.02747   0.01898   0.03672   0.02584   0.05551   0.03407   0.03909   0.05453   0.02398   0.06387   0.06005   0.05778   0.06313   0.02592   0.01635   0.03035   0.00740   0.01160   0.00692   0.04164   0.00513   0.04183   0.14967   0.03238   0.01253   0.02385   0.02552   0.16254   0.15496   0.06167   0.04423   0.03359   0.05524   0.02194   0.04032   0.14400   0.00188   0.05592   0.00000   0.00067   0.04873   0.03859   0.06328   1.16449   1.17098   0.97867  
  1 99.0000    168.249553  x:  0.04013   0.01655   0.05025   0.01492   0.06040   0.05961   0.02933   0.03469   0.05915   0.01721   0.04449   0.02224   0.02088   0.01422   0.01704   0.05327   0.13759   0.02300   0.04325   0.02975   0.06285   0.03197   0.01106   0.01750   0.00809   0.06076   0.03597   0.12973   0.06664   0.00990   0.01805   0.01474   0.05371   0.01042   0.03888   0.02598   0.02906   0.05400   0.05455   0.06512   0.00610   0.01078   0.02747   0.01898   0.03672   0.02584   0.05551   0.03407   0.03909   0.05453   0.02398   0.06387   0.06005   0.05778   0.06313   0.02592   0.01635   0.03035   0.00740   0.01160   0.00691   0.04164   0.00513   0.04183   0.14967   0.03238   0.01253   0.02385   0.02552   0.16255   0.15496   0.06167   0.04423   0.03359   0.05524   0.02194   0.04032   0.14400   0.00188   0.05592   0.00000   0.00067   0.04873   0.03859   0.06328   1.16449   1.17098   0.97867  
  2 119.1182    167.874168  x:  0.03946   0.01655   0.05011   0.01477   0.06025   0.05946   0.02918   0.03454   0.05900   0.01706   0.04435   0.02209   0.02073   0.01407   0.01689   0.05312   0.13766   0.02286   0.04312   0.02962   0.06272   0.03184   0.01093   0.01737   0.00796   0.06063   0.03584   0.12981   0.06651   0.00975   0.01790   0.01459   0.05356   0.01027   0.03873   0.02583   0.02891   0.05386   0.05440   0.06497   0.00595   0.01063   0.02747   0.01832   0.03607   0.02518   0.05486   0.03341   0.03844   0.05387   0.02332   0.06322   0.05940   0.05713   0.06248   0.02525   0.01620   0.03020   0.00725   0.01093   0.00624   0.04097   0.00446   0.04169   0.14971   0.03224   0.01238   0.02371   0.02538   0.16257   0.15499   0.06151   0.04407   0.03343   0.05509   0.02179   0.04016   0.14404   0.00172   0.05577   0.00000   0.00000   0.04897   0.03792   0.06262   1.16449   1.17098   0.97867  
  3 20926.3527    164.893435  x:  0.03744   0.02315   0.04853   0.01321   0.05869   0.05792   0.02761   0.03296   0.05744   0.01549   0.04278   0.02051   0.01915   0.01250   0.01532   0.05156   0.13946   0.02149   0.04174   0.02824   0.06134   0.03046   0.00955   0.01597   0.00659   0.05926   0.03463   0.13248   0.06527   0.00817   0.01633   0.01301   0.05200   0.00869   0.03716   0.02426   0.02734   0.05230   0.05283   0.06340   0.00436   0.00905   0.03414   0.01264   0.02985   0.01895   0.04866   0.02719   0.03276   0.04770   0.01712   0.05702   0.05324   0.05094   0.05629   0.02196   0.01461   0.02863   0.00566   0.00764   0.00000   0.03475   0.00243   0.04024   0.15069   0.03078   0.01085   0.02219   0.02391   0.16320   0.15585   0.05992   0.04242   0.03178   0.05350   0.02022   0.03856   0.14527   0.00013   0.05411   0.00000   0.00000   0.05264   0.03411   0.05647   1.16282   1.17098   0.97586  
  4 497.4954    164.696881  x:  0.03756   0.02313   0.04840   0.01308   0.05856   0.05779   0.02748   0.03283   0.05731   0.01536   0.04265   0.02038   0.01902   0.01236   0.01518   0.05143   0.13967   0.02138   0.04162   0.02813   0.06123   0.03034   0.00943   0.01586   0.00647   0.05914   0.03453   0.13278   0.06517   0.00804   0.01620   0.01287   0.05187   0.00855   0.03703   0.02412   0.02721   0.05217   0.05270   0.06327   0.00423   0.00892   0.03413   0.01223   0.02937   0.01846   0.04817   0.02670   0.03234   0.04722   0.01663   0.05654   0.05276   0.05046   0.05581   0.02190   0.01448   0.02849   0.00553   0.00758   0.00000   0.03427   0.00256   0.04012   0.15080   0.03066   0.01072   0.02206   0.02379   0.16327   0.15595   0.05979   0.04228   0.03164   0.05337   0.02009   0.03843   0.14541   0.00000   0.05397   0.00000   0.00000   0.05272   0.03399   0.05600   1.16258   1.17098   0.97546  
  5 433.4272    159.075714  x:  0.04201   0.02256   0.04460   0.00933   0.05482   0.05407   0.02368   0.02901   0.05352   0.01159   0.03887   0.01657   0.01521   0.00855   0.01137   0.04770   0.14358   0.01808   0.03829   0.02481   0.05791   0.02699   0.00611   0.01247   0.00319   0.05582   0.03172   0.13823   0.06231   0.00422   0.01239   0.00903   0.04810   0.00470   0.03325   0.02033   0.02342   0.04844   0.04891   0.05949   0.00037   0.00510   0.03398   0.00000   0.01507   0.00412   0.03391   0.01238   0.02016   0.03307   0.00237   0.04225   0.03863   0.03623   0.04158   0.02126   0.01065   0.02470   0.00170   0.00674   0.00000   0.02010   0.00700   0.03663   0.15311   0.02722   0.00701   0.01840   0.02032   0.16482   0.15798   0.05600   0.03830   0.02765   0.04960   0.01627   0.03463   0.14818   0.00000   0.04994   0.00000   0.00000   0.05489   0.03081   0.04212   1.15622   1.17098   0.96430  
  6 13872.5222    158.625117  x:  0.04221   0.02257   0.04424   0.00898   0.05446   0.05372   0.02333   0.02865   0.05317   0.01123   0.03852   0.01621   0.01485   0.00819   0.01101   0.04735   0.14377   0.01777   0.03798   0.02450   0.05760   0.02667   0.00580   0.01216   0.00289   0.05550   0.03146   0.13823   0.06205   0.00386   0.01203   0.00867   0.04775   0.00433   0.03289   0.01997   0.02307   0.04809   0.04855   0.05914   0.00000   0.00473   0.03389   0.00000   0.01395   0.00299   0.03279   0.01126   0.01930   0.03197   0.00125   0.04113   0.03753   0.03512   0.04047   0.02084   0.01028   0.02434   0.00134   0.00637   0.00000   0.01902   0.00719   0.03630   0.15334   0.02691   0.00666   0.01805   0.02000   0.16500   0.15821   0.05566   0.03794   0.02728   0.04926   0.01592   0.03426   0.14841   0.00000   0.04957   0.00000   0.00000   0.05513   0.03064   0.04105   1.15528   1.17098   0.96296  
  7 1483.8048    158.140641  x:  0.04236   0.02243   0.04384   0.00859   0.05407   0.05334   0.02293   0.02825   0.05277   0.01084   0.03812   0.01582   0.01446   0.00780   0.01062   0.04696   0.14350   0.01743   0.03762   0.02415   0.05725   0.02632   0.00545   0.01180   0.00254   0.05515   0.03121   0.13935   0.06179   0.00346   0.01163   0.00826   0.04736   0.00393   0.03250   0.01958   0.02267   0.04771   0.04816   0.05874   0.00000   0.00434   0.03396   0.00000   0.01269   0.00173   0.03153   0.01000   0.01880   0.03074   0.00000   0.03988   0.03630   0.03387   0.03922   0.02035   0.00988   0.02394   0.00094   0.00576   0.00000   0.01781   0.00734   0.03594   0.15283   0.02657   0.00627   0.01767   0.01966   0.16462   0.15762   0.05527   0.03752   0.02686   0.04888   0.01552   0.03377   0.14780   0.00000   0.04913   0.00000   0.00000   0.05544   0.03100   0.03988   1.15401   1.17098   0.96160  
  8 537.0932    157.635778  x:  0.04244   0.02161   0.04344   0.00820   0.05369   0.05296   0.02254   0.02785   0.05238   0.01045   0.03773   0.01542   0.01406   0.00740   0.01022   0.04658   0.14444   0.01705   0.03723   0.02376   0.05686   0.02592   0.00506   0.01140   0.00216   0.05476   0.03094   0.13988   0.06151   0.00306   0.01123   0.00786   0.04697   0.00352   0.03210   0.01918   0.02228   0.04732   0.04776   0.05835   0.00000   0.00394   0.03471   0.00000   0.01099   0.00000   0.02983   0.00828   0.01956   0.02909   0.00000   0.03817   0.03467   0.03219   0.03754   0.02014   0.00948   0.02355   0.00054   0.00473   0.00000   0.01621   0.00742   0.03559   0.15296   0.02626   0.00591   0.01732   0.01934   0.16434   0.15747   0.05482   0.03703   0.02636   0.04843   0.01497   0.03301   0.14830   0.00000   0.04856   0.00000   0.00000   0.05578   0.03335   0.03836   1.15246   1.17098   0.96120  
  9 214.9544    157.017213  x:  0.04248   0.02052   0.04291   0.00769   0.05317   0.05245   0.02201   0.02731   0.05185   0.00993   0.03721   0.01489   0.01353   0.00686   0.00968   0.04606   0.14509   0.01653   0.03671   0.02324   0.05634   0.02539   0.00454   0.01086   0.00165   0.05424   0.03057   0.14076   0.06114   0.00252   0.01070   0.00732   0.04644   0.00298   0.03157   0.01865   0.02175   0.04681   0.04723   0.05782   0.00000   0.00340   0.03571   0.00000   0.00869   0.00000   0.02751   0.00596   0.02083   0.02687   0.00000   0.03585   0.03246   0.02991   0.03526   0.01984   0.00894   0.02301   0.00000   0.00336   0.00000   0.01404   0.00745   0.03511   0.15329   0.02584   0.00543   0.01685   0.01892   0.16441   0.15767   0.05420   0.03636   0.02570   0.04782   0.01422   0.03199   0.14876   0.00000   0.04778   0.00000   0.00000   0.05622   0.03684   0.03631   1.15045   1.17098   0.96064  
 10 5070.4448    155.506107  x:  0.04295   0.01760   0.04163   0.00645   0.05193   0.05123   0.02074   0.02602   0.05058   0.00867   0.03595   0.01361   0.01225   0.00558   0.00840   0.04483   0.14578   0.01528   0.03543   0.02197   0.05507   0.02410   0.00326   0.00955   0.00041   0.05297   0.02972   0.14354   0.06025   0.00123   0.00942   0.00601   0.04518   0.00167   0.03031   0.01738   0.02049   0.04558   0.04595   0.05655   0.00000   0.00212   0.03837   0.00000   0.00312   0.00000   0.02191   0.00035   0.02313   0.02147   0.00000   0.03026   0.02711   0.02440   0.02975   0.01940   0.00764   0.02174   0.00000   0.00000   0.00000   0.00881   0.00792   0.03397   0.15479   0.02486   0.00428   0.01573   0.01792   0.16509   0.15905   0.05275   0.03477   0.02409   0.04638   0.01239   0.02944   0.15007   0.00000   0.04588   0.00000   0.00000   0.05734   0.04411   0.03131   1.14528   1.17098   0.95971  
 11 3603.3241    155.408305  x:  0.04290   0.01738   0.04154   0.00636   0.05184   0.05114   0.02065   0.02593   0.05049   0.00858   0.03586   0.01352   0.01216   0.00549   0.00831   0.04474   0.14608   0.01519   0.03534   0.02188   0.05498   0.02401   0.00317   0.00946   0.00033   0.05288   0.02966   0.14369   0.06019   0.00114   0.00933   0.00592   0.04510   0.00157   0.03022   0.01729   0.02040   0.04549   0.04586   0.05647   0.00000   0.00202   0.03857   0.00000   0.00278   0.00000   0.02157   0.00000   0.02328   0.02114   0.00000   0.02992   0.02678   0.02406   0.02941   0.01937   0.00755   0.02165   0.00000   0.00000   0.00000   0.00850   0.00788   0.03387   0.15468   0.02479   0.00420   0.01565   0.01785   0.16548   0.15918   0.05265   0.03465   0.02397   0.04629   0.01227   0.02925   0.14990   0.00000   0.04575   0.00000   0.00000   0.05740   0.04440   0.03100   1.14491   1.17098   0.95958  
 12 292.8131    155.092590  x:  0.04231   0.01659   0.04121   0.00605   0.05152   0.05083   0.02032   0.02560   0.05017   0.00826   0.03554   0.01319   0.01183   0.00517   0.00798   0.04442   0.14620   0.01486   0.03501   0.02155   0.05466   0.02368   0.00285   0.00912   0.00000   0.05255   0.02949   0.14432   0.06001   0.00082   0.00900   0.00559   0.04478   0.00124   0.02989   0.01697   0.02008   0.04518   0.04554   0.05614   0.00000   0.00170   0.03931   0.00000   0.00175   0.00000   0.02056   0.00000   0.02396   0.02016   0.00000   0.02893   0.02584   0.02310   0.02845   0.01911   0.00722   0.02133   0.00000   0.00000   0.00000   0.00763   0.00729   0.03358   0.15483   0.02457   0.00391   0.01536   0.01762   0.16577   0.15920   0.05230   0.03423   0.02355   0.04593   0.01180   0.02850   0.15040   0.00000   0.04524   0.00000   0.00000   0.05753   0.04454   0.03004   1.14376   1.17098   0.95879  
 13 150.9860    154.554234  x:  0.04130   0.01512   0.04069   0.00554   0.05101   0.05033   0.01980   0.02508   0.04965   0.00775   0.03502   0.01267   0.01131   0.00464   0.00746   0.04392   0.14666   0.01433   0.03447   0.02101   0.05412   0.02313   0.00231   0.00857   0.00000   0.05202   0.02920   0.14526   0.05973   0.00029   0.00848   0.00506   0.04426   0.00071   0.02937   0.01644   0.01956   0.04467   0.04502   0.05563   0.00000   0.00117   0.04070   0.00000   0.00000   0.00000   0.01886   0.00000   0.02529   0.01849   0.00000   0.02724   0.02424   0.02148   0.02684   0.01831   0.00669   0.02080   0.00000   0.00000   0.00000   0.00618   0.00627   0.03314   0.15549   0.02421   0.00345   0.01491   0.01726   0.16561   0.15978   0.05171   0.03353   0.02284   0.04535   0.01098   0.02721   0.15047   0.00000   0.04436   0.00000   0.00000   0.05776   0.04451   0.02838   1.14189   1.17098   0.95780  
 14 1584.4799    154.274628  x:  0.04074   0.01424   0.04040   0.00526   0.05074   0.05006   0.01952   0.02479   0.04938   0.00747   0.03474   0.01239   0.01103   0.00436   0.00718   0.04364   0.14684   0.01405   0.03418   0.02072   0.05383   0.02284   0.00202   0.00827   0.00000   0.05172   0.02906   0.14576   0.05959   0.00000   0.00820   0.00477   0.04399   0.00042   0.02910   0.01616   0.01928   0.04440   0.04474   0.05535   0.00000   0.00089   0.04153   0.00000   0.00000   0.00000   0.01789   0.00000   0.02611   0.01756   0.00000   0.02630   0.02334   0.02058   0.02593   0.01772   0.00641   0.02052   0.00000   0.00000   0.00000   0.00538   0.00571   0.03290   0.15571   0.02403   0.00320   0.01467   0.01707   0.16566   0.16000   0.05139   0.03314   0.02246   0.04503   0.01052   0.02650   0.15065   0.00000   0.04388   0.00000   0.00000   0.05791   0.04442   0.02743   1.14090   1.17098   0.95742  
 15 4698.0065    153.875475  x:  0.04017   0.01255   0.04000   0.00487   0.05035   0.04968   0.01912   0.02439   0.04898   0.00707   0.03435   0.01198   0.01062   0.00396   0.00677   0.04326   0.14702   0.01361   0.03372   0.02027   0.05338   0.02238   0.00158   0.00781   0.00000   0.05127   0.02886   0.14659   0.05938   0.00000   0.00779   0.00436   0.04359   0.00000   0.02870   0.01576   0.01888   0.04401   0.04434   0.05495   0.00000   0.00048   0.04313   0.00000   0.00000   0.00000   0.01653   0.00000   0.02682   0.01624   0.00000   0.02495   0.02205   0.01926   0.02461   0.01700   0.00600   0.02012   0.00000   0.00000   0.00000   0.00416   0.00514   0.03252   0.15443   0.02379   0.00287   0.01435   0.01682   0.16535   0.16153   0.05094   0.03257   0.02187   0.04459   0.00979   0.02535   0.15156   0.00000   0.04313   0.00000   0.00000   0.05815   0.04405   0.02630   1.13951   1.17098   0.95655  
 16 235.0472    153.387996  x:  0.03981   0.00981   0.03953   0.00441   0.04989   0.04923   0.01865   0.02391   0.04851   0.00661   0.03388   0.01151   0.01014   0.00348   0.00629   0.04280   0.14736   0.01305   0.03315   0.01970   0.05281   0.02180   0.00101   0.00721   0.00000   0.05070   0.02864   0.14766   0.05916   0.00000   0.00732   0.00388   0.04312   0.00000   0.02822   0.01529   0.01842   0.04356   0.04387   0.05448   0.00000   0.00000   0.04574   0.00000   0.00000   0.00000   0.01488   0.00000   0.02717   0.01464   0.00000   0.02331   0.02044   0.01760   0.02295   0.01619   0.00551   0.01965   0.00000   0.00000   0.00000   0.00256   0.00477   0.03207   0.15479   0.02356   0.00249   0.01398   0.01659   0.16611   0.16136   0.05042   0.03184   0.02114   0.04407   0.00889   0.02378   0.15211   0.00000   0.04215   0.00000   0.00000   0.05849   0.04321   0.02522   1.13793   1.17098   0.95518  
 17 210.6201    152.833839  x:  0.03995   0.00481   0.03915   0.00404   0.04953   0.04888   0.01827   0.02352   0.04814   0.00623   0.03351   0.01112   0.00976   0.00310   0.00591   0.04243   0.14785   0.01245   0.03252   0.01907   0.05219   0.02116   0.00041   0.00657   0.00000   0.05008   0.02860   0.14874   0.05910   0.00000   0.00693   0.00348   0.04275   0.00000   0.02785   0.01491   0.01804   0.04320   0.04349   0.05411   0.00000   0.00000   0.05061   0.00000   0.00000   0.00000   0.01264   0.00000   0.02727   0.01252   0.00000   0.02106   0.01816   0.01519   0.02055   0.01614   0.00512   0.01927   0.00000   0.00000   0.00000   0.00000   0.00491   0.03167   0.15496   0.02359   0.00229   0.01379   0.01661   0.16668   0.16147   0.04996   0.03104   0.02034   0.04361   0.00771   0.02171   0.15259   0.00000   0.04095   0.00000   0.00000   0.05880   0.04154   0.02489   1.13607   1.17098   0.95122  
 18 164.3858    152.639452  x:  0.04011   0.00319   0.03880   0.00369   0.04918   0.04853   0.01792   0.02317   0.04779   0.00588   0.03316   0.01077   0.00941   0.00274   0.00555   0.04209   0.14806   0.01205   0.03211   0.01866   0.05178   0.02075   0.00000   0.00615   0.00000   0.04966   0.02838   0.14922   0.05887   0.00000   0.00658   0.00313   0.04240   0.00000   0.02750   0.01456   0.01769   0.04285   0.04314   0.05376   0.00000   0.00000   0.05219   0.00000   0.00000   0.00000   0.01213   0.00000   0.02618   0.01202   0.00000   0.02053   0.01761   0.01461   0.01997   0.01630   0.00476   0.01892   0.00000   0.00000   0.00000   0.00000   0.00508   0.03133   0.15499   0.02337   0.00200   0.01350   0.01638   0.16693   0.16149   0.04964   0.03054   0.01984   0.04329   0.00713   0.02070   0.15279   0.00000   0.04033   0.00000   0.00000   0.05893   0.04133   0.02486   1.13503   1.17098   0.95040  
 19 114.6737    152.250255  x:  0.04053   0.00000   0.03799   0.00287   0.04837   0.04772   0.01709   0.02234   0.04697   0.00505   0.03233   0.00994   0.00857   0.00191   0.00472   0.04127   0.14845   0.01113   0.03118   0.01773   0.05086   0.01981   0.00000   0.00520   0.00000   0.04874   0.02771   0.15003   0.05819   0.00000   0.00575   0.00229   0.04158   0.00000   0.02667   0.01373   0.01687   0.04204   0.04232   0.05294   0.00000   0.00000   0.05529   0.00000   0.00000   0.00000   0.01128   0.00000   0.02291   0.01119   0.00000   0.01965   0.01664   0.01359   0.01896   0.01681   0.00392   0.01809   0.00000   0.00000   0.00000   0.00000   0.00550   0.03055   0.15503   0.02274   0.00131   0.01282   0.01575   0.16731   0.16154   0.04879   0.02938   0.01867   0.04245   0.00579   0.01844   0.15306   0.00000   0.03888   0.00000   0.00000   0.05914   0.04153   0.02515   1.13336   1.17098   0.94973  
 20 368.6184    151.820509  x:  0.04204   0.00000   0.03666   0.00146   0.04699   0.04635   0.01568   0.02093   0.04558   0.00364   0.03092   0.00852   0.00715   0.00049   0.00329   0.03987   0.14919   0.00920   0.02961   0.01615   0.04930   0.01822   0.00000   0.00350   0.00000   0.04716   0.02818   0.15164   0.05864   0.00000   0.00432   0.00087   0.04018   0.00000   0.02525   0.01232   0.01547   0.04064   0.04092   0.05155   0.00000   0.00000   0.05820   0.00000   0.00000   0.00000   0.01087   0.00000   0.02099   0.01056   0.00000   0.01930   0.01651   0.01378   0.01913   0.01955   0.00248   0.01667   0.00000   0.00000   0.00000   0.00000   0.00699   0.02918   0.15500   0.02218   0.00000   0.01152   0.01517   0.16820   0.16150   0.04891   0.02811   0.01740   0.04255   0.00493   0.01679   0.15374   0.00000   0.03778   0.00000   0.00000   0.05961   0.03982   0.01848   1.12584   1.17098   0.94755  
 21 47.0856    151.633632  x:  0.04288   0.00000   0.03621   0.00097   0.04651   0.04588   0.01519   0.02044   0.04511   0.00315   0.03044   0.00802   0.00666   0.00000   0.00280   0.03938   0.14953   0.00845   0.02901   0.01554   0.04869   0.01760   0.00000   0.00284   0.00000   0.04655   0.02849   0.15229   0.05893   0.00000   0.00383   0.00037   0.03969   0.00000   0.02476   0.01183   0.01499   0.04016   0.04044   0.05107   0.00000   0.00000   0.05815   0.00000   0.00000   0.00000   0.01046   0.00000   0.02036   0.01007   0.00000   0.01890   0.01621   0.01359   0.01894   0.02086   0.00198   0.01617   0.00000   0.00000   0.00000   0.00000   0.00784   0.02869   0.15497   0.02209   0.00000   0.01110   0.01507   0.16856   0.16148   0.04903   0.02764   0.01693   0.04267   0.00456   0.01606   0.15399   0.00000   0.03733   0.00000   0.00000   0.05978   0.03892   0.01564   1.12294   1.17098   0.94655  
 22 219.7851    151.490781  x:  0.04350   0.00000   0.03587   0.00060   0.04616   0.04553   0.01483   0.02008   0.04475   0.00278   0.03007   0.00765   0.00629   0.00000   0.00243   0.03902   0.14978   0.00787   0.02855   0.01507   0.04824   0.01713   0.00000   0.00234   0.00000   0.04609   0.02871   0.15279   0.05913   0.00000   0.00346   0.00000   0.03933   0.00000   0.02440   0.01147   0.01463   0.03980   0.04008   0.05071   0.00000   0.00000   0.05811   0.00000   0.00000   0.00000   0.01011   0.00000   0.01978   0.00967   0.00000   0.01857   0.01593   0.01340   0.01874   0.02182   0.00161   0.01580   0.00000   0.00000   0.00000   0.00000   0.00846   0.02832   0.15494   0.02202   0.00000   0.01079   0.01500   0.16885   0.16146   0.04913   0.02728   0.01657   0.04276   0.00428   0.01551   0.15418   0.00000   0.03700   0.00000   0.00000   0.05991   0.03828   0.01368   1.12065   1.17098   0.94571  
 23 4771.1767    151.490781  x:  0.04350   0.00000   0.03587   0.00060   0.04616   0.04553   0.01483   0.02008   0.04475   0.00278   0.03007   0.00765   0.00629   0.00000   0.00243   0.03902   0.14978   0.00787   0.02855   0.01507   0.04824   0.01713   0.00000   0.00234   0.00000   0.04609   0.02871   0.15279   0.05913   0.00000   0.00346   0.00000   0.03933   0.00000   0.02440   0.01147   0.01463   0.03980   0.04008   0.05071   0.00000   0.00000   0.05811   0.00000   0.00000   0.00000   0.01011   0.00000   0.01978   0.00967   0.00000   0.01857   0.01593   0.01340   0.01874   0.02182   0.00161   0.01580   0.00000   0.00000   0.00000   0.00000   0.00846   0.02832   0.15494   0.02202   0.00000   0.01079   0.01500   0.16885   0.16146   0.04913   0.02728   0.01657   0.04276   0.00428   0.01551   0.15418   0.00000   0.03700   0.00000   0.00000   0.05991   0.03828   0.01368   1.12065   1.17098   0.94571  
 24 17.8138    150.590460  x:  0.04087   0.00000   0.03528   0.00000   0.04556   0.04493   0.01423   0.01948   0.04416   0.00219   0.02948   0.00706   0.00569   0.00000   0.00183   0.03842   0.14998   0.00734   0.02802   0.01455   0.04772   0.01661   0.00000   0.00181   0.00000   0.04556   0.02820   0.15303   0.05862   0.00000   0.00286   0.00000   0.03873   0.00000   0.02380   0.01087   0.01404   0.03921   0.03948   0.05012   0.00000   0.00000   0.05738   0.00000   0.00000   0.00000   0.00748   0.00000   0.01715   0.00704   0.00000   0.01595   0.01331   0.01077   0.01611   0.01919   0.00101   0.01521   0.00000   0.00000   0.00000   0.00000   0.00582   0.02776   0.15509   0.02145   0.00000   0.01021   0.01443   0.16893   0.16157   0.04850   0.02665   0.01594   0.04214   0.00369   0.01488   0.15432   0.00000   0.03637   0.00000   0.00000   0.06096   0.03561   0.01100   1.12067   1.17098   0.94570  
 25 90.0961    149.082803  x:  0.03640   0.00000   0.03428   0.00000   0.04457   0.04394   0.01323   0.01848   0.04316   0.00118   0.02848   0.00605   0.00469   0.00000   0.00082   0.03742   0.15031   0.00646   0.02714   0.01366   0.04683   0.01572   0.00000   0.00092   0.00000   0.04468   0.02733   0.15344   0.05775   0.00000   0.00185   0.00000   0.03773   0.00000   0.02280   0.00987   0.01303   0.03821   0.03848   0.04912   0.00000   0.00000   0.05640   0.00000   0.00000   0.00000   0.00305   0.00000   0.01272   0.00261   0.00000   0.01152   0.00888   0.00634   0.01168   0.01473   0.00000   0.01420   0.00000   0.00000   0.00000   0.00000   0.00136   0.02682   0.15533   0.02048   0.00000   0.00924   0.01346   0.16907   0.16175   0.04745   0.02559   0.01487   0.04108   0.00268   0.01381   0.15455   0.00000   0.03531   0.00000   0.00000   0.06216   0.03112   0.00649   1.12071   1.17098   0.94571  
 26 65696.1554    148.483173  x:  0.03505   0.00000   0.03383   0.00000   0.04412   0.04349   0.01278   0.01803   0.04271   0.00073   0.02803   0.00560   0.00424   0.00000   0.00037   0.03698   0.15061   0.00606   0.02674   0.01326   0.04644   0.01533   0.00000   0.00052   0.00000   0.04429   0.02696   0.15379   0.05737   0.00000   0.00140   0.00000   0.03729   0.00000   0.02235   0.00941   0.01258   0.03776   0.03803   0.04867   0.00000   0.00000   0.05383   0.00000   0.00000   0.00000   0.00119   0.00000   0.01087   0.00075   0.00000   0.00966   0.00702   0.00448   0.00983   0.01346   0.00000   0.01375   0.00000   0.00000   0.00000   0.00000   0.00000   0.02640   0.15553   0.02005   0.00000   0.00880   0.01303   0.16919   0.16190   0.04699   0.02511   0.01440   0.04062   0.00224   0.01334   0.15475   0.00000   0.03484   0.00000   0.00000   0.06165   0.02925   0.00462   1.12053   1.17098   0.94516  
 27 640.7160    148.291161  x:  0.03526   0.00000   0.03361   0.00000   0.04390   0.04327   0.01256   0.01781   0.04249   0.00051   0.02781   0.00538   0.00402   0.00000   0.00015   0.03676   0.15090   0.00586   0.02655   0.01307   0.04624   0.01513   0.00000   0.00033   0.00000   0.04409   0.02681   0.15413   0.05721   0.00000   0.00118   0.00000   0.03707   0.00000   0.02213   0.00919   0.01236   0.03754   0.03782   0.04845   0.00000   0.00000   0.05381   0.00000   0.00000   0.00000   0.00044   0.00000   0.01012   0.00000   0.00000   0.00892   0.00628   0.00374   0.00908   0.01384   0.00000   0.01353   0.00000   0.00000   0.00000   0.00000   0.00000   0.02619   0.15572   0.01986   0.00000   0.00859   0.01284   0.16930   0.16206   0.04678   0.02488   0.01417   0.04041   0.00202   0.01311   0.15495   0.00000   0.03461   0.00000   0.00000   0.06164   0.02853   0.00390   1.12022   1.17098   0.94419  
 28 145.3079    148.188896  x:  0.03539   0.00000   0.03348   0.00000   0.04377   0.04314   0.01243   0.01768   0.04236   0.00038   0.02768   0.00525   0.00389   0.00000   0.00002   0.03663   0.15106   0.00575   0.02643   0.01295   0.04613   0.01501   0.00000   0.00021   0.00000   0.04398   0.02671   0.15431   0.05712   0.00000   0.00105   0.00000   0.03694   0.00000   0.02200   0.00907   0.01223   0.03742   0.03769   0.04833   0.00000   0.00000   0.05379   0.00000   0.00000   0.00000   0.00000   0.00000   0.00969   0.00000   0.00000   0.00848   0.00584   0.00330   0.00865   0.01407   0.00000   0.01341   0.00000   0.00000   0.00000   0.00000   0.00000   0.02607   0.15582   0.01974   0.00000   0.00846   0.01272   0.16937   0.16215   0.04666   0.02475   0.01403   0.04029   0.00190   0.01297   0.15506   0.00000   0.03448   0.00000   0.00000   0.06164   0.02810   0.00347   1.12004   1.17098   0.94363  
 29 159439.3326    148.174706  x:  0.03541   0.00000   0.03346   0.00000   0.04375   0.04312   0.01241   0.01766   0.04234   0.00036   0.02766   0.00523   0.00387   0.00000   0.00000   0.03661   0.15109   0.00573   0.02642   0.01294   0.04611   0.01500   0.00000   0.00019   0.00000   0.04396   0.02670   0.15434   0.05711   0.00000   0.00103   0.00000   0.03692   0.00000   0.02198   0.00905   0.01222   0.03740   0.03767   0.04831   0.00000   0.00000   0.05379   0.00000   0.00000   0.00000   0.00000   0.00000   0.00962   0.00000   0.00000   0.00841   0.00577   0.00323   0.00858   0.01410   0.00000   0.01339   0.00000   0.00000   0.00000   0.00000   0.00000   0.02605   0.15584   0.01973   0.00000   0.00844   0.01271   0.16938   0.16216   0.04664   0.02473   0.01401   0.04027   0.00188   0.01295   0.15508   0.00000   0.03445   0.00000   0.00000   0.06164   0.02803   0.00340   1.12001   1.17098   0.94355  
 30 8273.3223    148.027759  x:  0.03575   0.00000   0.03327   0.00000   0.04356   0.04293   0.01222   0.01747   0.04216   0.00017   0.02747   0.00504   0.00368   0.00000   0.00000   0.03642   0.15220   0.00554   0.02623   0.01275   0.04593   0.01481   0.00000   0.00000   0.00000   0.04377   0.02658   0.15499   0.05697   0.00000   0.00084   0.00000   0.03673   0.00000   0.02179   0.00886   0.01202   0.03721   0.03748   0.04812   0.00000   0.00000   0.05376   0.00000   0.00000   0.00000   0.00000   0.00000   0.00885   0.00000   0.00000   0.00765   0.00500   0.00247   0.00781   0.01461   0.00000   0.01320   0.00000   0.00000   0.00000   0.00000   0.00000   0.02588   0.15592   0.01957   0.00000   0.00827   0.01255   0.16904   0.16187   0.04644   0.02451   0.01379   0.04007   0.00165   0.01272   0.15526   0.00000   0.03422   0.00000   0.00000   0.06163   0.02735   0.00272   1.12076   1.17098   0.94317  
 31 164.2915    147.926966  x:  0.03588   0.00000   0.03311   0.00000   0.04340   0.04277   0.01205   0.01731   0.04199   0.00000   0.02731   0.00488   0.00352   0.00000   0.00000   0.03626   0.15231   0.00536   0.02605   0.01258   0.04575   0.01463   0.00000   0.00000   0.00000   0.04360   0.02650   0.15565   0.05687   0.00000   0.00067   0.00000   0.03657   0.00000   0.02163   0.00869   0.01186   0.03705   0.03732   0.04795   0.00000   0.00000   0.05371   0.00000   0.00000   0.00000   0.00000   0.00000   0.00835   0.00000   0.00000   0.00716   0.00449   0.00197   0.00732   0.01492   0.00000   0.01303   0.00000   0.00000   0.00000   0.00000   0.00000   0.02571   0.15645   0.01946   0.00000   0.00812   0.01244   0.16939   0.16246   0.04628   0.02431   0.01360   0.03990   0.00142   0.01250   0.15580   0.00000   0.03400   0.00000   0.00000   0.06162   0.02706   0.00242   1.12257   1.17098   0.94335  
 32 93.6836    147.839796  x:  0.03394   0.00000   0.03246   0.00000   0.04276   0.04213   0.01139   0.01667   0.04135   0.00000   0.02666   0.00424   0.00289   0.00000   0.00000   0.03562   0.15312   0.00471   0.02542   0.01195   0.04511   0.01399   0.00000   0.00000   0.00000   0.04296   0.02631   0.15514   0.05662   0.00000   0.00000   0.00000   0.03593   0.00000   0.02098   0.00804   0.01121   0.03641   0.03670   0.04731   0.00000   0.00000   0.05359   0.00000   0.00000   0.00000   0.00000   0.00000   0.00864   0.00000   0.00000   0.00748   0.00470   0.00229   0.00764   0.01359   0.00000   0.01239   0.00000   0.00000   0.00000   0.00000   0.00000   0.02495   0.15604   0.01901   0.00000   0.00752   0.01199   0.17072   0.16303   0.04582   0.02369   0.01299   0.03944   0.00080   0.01192   0.15536   0.00000   0.03340   0.00000   0.00000   0.06156   0.02872   0.00398   1.12817   1.17098   0.94361  
 33 50.0314    147.737540  x:  0.03134   0.00000   0.03160   0.00000   0.04193   0.04130   0.01053   0.01583   0.04051   0.00000   0.02581   0.00339   0.00206   0.00000   0.00000   0.03478   0.15362   0.00386   0.02459   0.01114   0.04428   0.01316   0.00000   0.00000   0.00000   0.04212   0.02607   0.15479   0.05629   0.00000   0.00000   0.00000   0.03509   0.00000   0.02014   0.00719   0.01036   0.03558   0.03588   0.04645   0.00000   0.00000   0.05344   0.00000   0.00000   0.00000   0.00000   0.00000   0.00905   0.00000   0.00000   0.00794   0.00502   0.00275   0.00809   0.01177   0.00000   0.01154   0.00000   0.00000   0.00000   0.00000   0.00000   0.02399   0.15576   0.01841   0.00000   0.00673   0.01139   0.17168   0.16340   0.04522   0.02289   0.01219   0.03883   0.00000   0.01118   0.15508   0.00000   0.03263   0.00000   0.00000   0.06150   0.03101   0.00613   1.13508   1.17098   0.94407  
 34 726.7129    147.737540  x:  0.03134   0.00000   0.03160   0.00000   0.04193   0.04130   0.01053   0.01583   0.04051   0.00000   0.02581   0.00339   0.00206   0.00000   0.00000   0.03478   0.15362   0.00386   0.02459   0.01114   0.04428   0.01316   0.00000   0.00000   0.00000   0.04212   0.02607   0.15479   0.05629   0.00000   0.00000   0.00000   0.03509   0.00000   0.02014   0.00719   0.01036   0.03558   0.03588   0.04645   0.00000   0.00000   0.05344   0.00000   0.00000   0.00000   0.00000   0.00000   0.00905   0.00000   0.00000   0.00794   0.00502   0.00275   0.00809   0.01177   0.00000   0.01154   0.00000   0.00000   0.00000   0.00000   0.00000   0.02399   0.15576   0.01841   0.00000   0.00673   0.01139   0.17168   0.16340   0.04522   0.02289   0.01219   0.03883   0.00000   0.01118   0.15508   0.00000   0.03263   0.00000   0.00000   0.06150   0.03101   0.00613   1.13508   1.17098   0.94407  
 35 28.4741    147.018480  x:  0.02858   0.00000   0.03098   0.00000   0.04131   0.04068   0.00991   0.01521   0.03989   0.00000   0.02519   0.00277   0.00144   0.00000   0.00000   0.03416   0.15380   0.00331   0.02404   0.01059   0.04374   0.01261   0.00000   0.00000   0.00000   0.04158   0.02554   0.15503   0.05575   0.00000   0.00000   0.00000   0.03447   0.00000   0.01952   0.00657   0.00973   0.03496   0.03526   0.04583   0.00000   0.00000   0.05286   0.00000   0.00000   0.00000   0.00000   0.00000   0.00631   0.00000   0.00000   0.00520   0.00227   0.00000   0.00535   0.00902   0.00000   0.01092   0.00000   0.00000   0.00000   0.00000   0.00000   0.02341   0.15590   0.01781   0.00000   0.00613   0.01079   0.17176   0.16350   0.04456   0.02223   0.01153   0.03817   0.00000   0.01052   0.15523   0.00000   0.03197   0.00000   0.00000   0.06249   0.02823   0.00334   1.13510   1.17098   0.94408  
 36 78.9077    146.480865  x:  0.02628   0.00000   0.03047   0.00000   0.04080   0.04017   0.00939   0.01470   0.03938   0.00000   0.02468   0.00226   0.00093   0.00000   0.00000   0.03365   0.15395   0.00286   0.02359   0.01014   0.04329   0.01216   0.00000   0.00000   0.00000   0.04113   0.02509   0.15522   0.05531   0.00000   0.00000   0.00000   0.03396   0.00000   0.01901   0.00606   0.00922   0.03445   0.03475   0.04532   0.00000   0.00000   0.05255   0.00000   0.00000   0.00000   0.00000   0.00000   0.00405   0.00000   0.00000   0.00293   0.00000   0.00000   0.00308   0.00673   0.00000   0.01041   0.00000   0.00000   0.00000   0.00000   0.00000   0.02292   0.15602   0.01731   0.00000   0.00563   0.01030   0.17182   0.16359   0.04403   0.02168   0.01099   0.03763   0.00000   0.00997   0.15534   0.00000   0.03143   0.00000   0.00000   0.06291   0.02593   0.00102   1.13513   1.17098   0.94410  
 37 19987.4622    146.271946  x:  0.02552   0.00000   0.03022   0.00000   0.04054   0.03991   0.00914   0.01444   0.03912   0.00000   0.02443   0.00200   0.00067   0.00000   0.00000   0.03340   0.15413   0.00264   0.02337   0.00991   0.04307   0.01193   0.00000   0.00000   0.00000   0.04090   0.02489   0.15545   0.05510   0.00000   0.00000   0.00000   0.03371   0.00000   0.01875   0.00580   0.00897   0.03420   0.03449   0.04507   0.00000   0.00000   0.05144   0.00000   0.00000   0.00000   0.00000   0.00000   0.00303   0.00000   0.00000   0.00191   0.00000   0.00000   0.00206   0.00596   0.00000   0.01015   0.00000   0.00000   0.00000   0.00000   0.00000   0.02269   0.15615   0.01707   0.00000   0.00538   0.01006   0.17189   0.16368   0.04377   0.02142   0.01072   0.03738   0.00000   0.00971   0.15547   0.00000   0.03116   0.00000   0.00000   0.06265   0.02491   0.00000   1.13505   1.17098   0.94376  
 38 453.1359    145.981145  x:  0.02565   0.00000   0.02961   0.00000   0.03994   0.03931   0.00853   0.01383   0.03852   0.00000   0.02382   0.00139   0.00006   0.00000   0.00000   0.03279   0.15501   0.00209   0.02282   0.00936   0.04252   0.01139   0.00000   0.00000   0.00000   0.04036   0.02448   0.15653   0.05467   0.00000   0.00000   0.00000   0.03310   0.00000   0.01814   0.00519   0.00836   0.03359   0.03388   0.04446   0.00000   0.00000   0.05142   0.00000   0.00000   0.00000   0.00000   0.00000   0.00112   0.00000   0.00000   0.00000   0.00000   0.00000   0.00015   0.00610   0.00000   0.00954   0.00000   0.00000   0.00000   0.00000   0.00000   0.02212   0.15677   0.01654   0.00000   0.00478   0.00953   0.17226   0.16412   0.04319   0.02078   0.01008   0.03680   0.00000   0.00907   0.15611   0.00000   0.03053   0.00000   0.00000   0.06277   0.02309   0.00000   1.13443   1.17098   0.94120  
 39 119.2794    145.964859  x:  0.02569   0.00000   0.02956   0.00000   0.03989   0.03927   0.00848   0.01379   0.03848   0.00000   0.02378   0.00135   0.00002   0.00000   0.00000   0.03275   0.15501   0.00205   0.02278   0.00933   0.04249   0.01135   0.00000   0.00000   0.00000   0.04032   0.02445   0.15653   0.05464   0.00000   0.00000   0.00000   0.03305   0.00000   0.01810   0.00515   0.00831   0.03355   0.03384   0.04442   0.00000   0.00000   0.05142   0.00000   0.00000   0.00000   0.00000   0.00000   0.00097   0.00000   0.00000   0.00000   0.00000   0.00000   0.00000   0.00614   0.00000   0.00950   0.00000   0.00000   0.00000   0.00000   0.00000   0.02208   0.15677   0.01651   0.00000   0.00474   0.00950   0.17226   0.16412   0.04315   0.02074   0.01004   0.03676   0.00000   0.00902   0.15611   0.00000   0.03049   0.00000   0.00000   0.06278   0.02294   0.00000   1.13439   1.17098   0.94103  
 40 346.1255    145.960966  x:  0.02571   0.00000   0.02955   0.00000   0.03988   0.03925   0.00847   0.01378   0.03846   0.00000   0.02376   0.00133   0.00000   0.00000   0.00000   0.03273   0.15501   0.00204   0.02277   0.00931   0.04247   0.01134   0.00000   0.00000   0.00000   0.04031   0.02444   0.15653   0.05463   0.00000   0.00000   0.00000   0.03304   0.00000   0.01809   0.00513   0.00830   0.03353   0.03383   0.04441   0.00000   0.00000   0.05142   0.00000   0.00000   0.00000   0.00000   0.00000   0.00092   0.00000   0.00000   0.00000   0.00000   0.00000   0.00000   0.00616   0.00000   0.00949   0.00000   0.00000   0.00000   0.00000   0.00000   0.02207   0.15678   0.01650   0.00000   0.00473   0.00948   0.17226   0.16412   0.04314   0.02072   0.01002   0.03675   0.00000   0.00901   0.15611   0.00000   0.03047   0.00000   0.00000   0.06278   0.02290   0.00000   1.13438   1.17098   0.94098  
 41 3419.7246    145.868153  x:  0.02576   0.00000   0.02926   0.00000   0.03959   0.03896   0.00817   0.01348   0.03817   0.00000   0.02347   0.00104   0.00000   0.00000   0.00000   0.03244   0.15558   0.00174   0.02247   0.00902   0.04218   0.01104   0.00000   0.00000   0.00000   0.04002   0.02426   0.15671   0.05444   0.00000   0.00000   0.00000   0.03275   0.00000   0.01779   0.00484   0.00800   0.03324   0.03353   0.04412   0.00000   0.00000   0.05137   0.00000   0.00000   0.00000   0.00000   0.00000   0.00000   0.00000   0.00000   0.00000   0.00000   0.00000   0.00000   0.00617   0.00000   0.00919   0.00000   0.00000   0.00000   0.00000   0.00000   0.02181   0.15669   0.01628   0.00000   0.00446   0.00926   0.17121   0.16328   0.04285   0.02038   0.00968   0.03645   0.00000   0.00864   0.15616   0.00000   0.03010   0.00000   0.00000   0.06285   0.02213   0.00000   1.13457   1.17098   0.93973  
 42 60.4888    145.557660  x:  0.02534   0.00000   0.02823   0.00000   0.03857   0.03794   0.00713   0.01245   0.03715   0.00000   0.02245   0.00000   0.00000   0.00000   0.00000   0.03141   0.15532   0.00060   0.02133   0.00788   0.04105   0.00990   0.00000   0.00000   0.00000   0.03889   0.02363   0.15694   0.05375   0.00000   0.00000   0.00000   0.03172   0.00000   0.01676   0.00380   0.00697   0.03223   0.03251   0.04311   0.00000   0.00000   0.05122   0.00000   0.00000   0.00000   0.00000   0.00000   0.00000   0.00000   0.00000   0.00000   0.00000   0.00000   0.00000   0.00552   0.00000   0.00817   0.00000   0.00000   0.00000   0.00000   0.00000   0.02075   0.15711   0.01557   0.00000   0.00359   0.00855   0.17101   0.16374   0.04172   0.01907   0.00835   0.03532   0.00000   0.00710   0.15638   0.00000   0.02857   0.00000   0.00000   0.06305   0.01852   0.00000   1.13670   1.17098   0.93746  
 43 35.7866    145.397052  x:  0.02511   0.00000   0.02771   0.00000   0.03804   0.03742   0.00660   0.01192   0.03662   0.00000   0.02192   0.00000   0.00000   0.00000   0.00000   0.03088   0.15548   0.00000   0.02074   0.00730   0.04047   0.00932   0.00000   0.00000   0.00000   0.03831   0.02329   0.15696   0.05338   0.00000   0.00000   0.00000   0.03118   0.00000   0.01623   0.00327   0.00644   0.03171   0.03198   0.04259   0.00000   0.00000   0.05115   0.00000   0.00000   0.00000   0.00000   0.00000   0.00000   0.00000   0.00000   0.00000   0.00000   0.00000   0.00000   0.00519   0.00000   0.00764   0.00000   0.00000   0.00000   0.00000   0.00000   0.02018   0.15708   0.01520   0.00000   0.00314   0.00818   0.17122   0.16377   0.04113   0.01839   0.00767   0.03473   0.00000   0.00631   0.15638   0.00000   0.02779   0.00000   0.00000   0.06315   0.01653   0.00000   1.13766   1.17098   0.93654  
 44 1176.5237    144.428224  x:  0.02369   0.00000   0.02447   0.00000   0.03481   0.03420   0.00331   0.00865   0.03340   0.00000   0.01868   0.00000   0.00000   0.00000   0.00000   0.02762   0.15643   0.00000   0.01711   0.00370   0.03689   0.00571   0.00000   0.00000   0.00000   0.03473   0.02125   0.15708   0.05113   0.00000   0.00000   0.00000   0.02792   0.00000   0.01298   0.00000   0.00316   0.02850   0.02873   0.03942   0.00000   0.00000   0.05071   0.00000   0.00000   0.00000   0.00000   0.00000   0.00000   0.00000   0.00000   0.00000   0.00000   0.00000   0.00000   0.00313   0.00000   0.00439   0.00000   0.00000   0.00000   0.00000   0.00000   0.01671   0.15695   0.01295   0.00000   0.00042   0.00592   0.17244   0.16399   0.03749   0.01423   0.00347   0.03109   0.00000   0.00145   0.15640   0.00000   0.02295   0.00000   0.00000   0.06373   0.00436   0.00000   1.14353   1.17098   0.93095  
 45 2008167.4614    144.295409  x:  0.02353   0.00000   0.02399   0.00000   0.03433   0.03372   0.00282   0.00817   0.03292   0.00000   0.01820   0.00000   0.00000   0.00000   0.00000   0.02713   0.15646   0.00000   0.01658   0.00317   0.03637   0.00518   0.00000   0.00000   0.00000   0.03421   0.02097   0.15720   0.05082   0.00000   0.00000   0.00000   0.02744   0.00000   0.01250   0.00000   0.00267   0.02802   0.02825   0.03894   0.00000   0.00000   0.05065   0.00000   0.00000   0.00000   0.00000   0.00000   0.00000   0.00000   0.00000   0.00000   0.00000   0.00000   0.00000   0.00286   0.00000   0.00391   0.00000   0.00000   0.00000   0.00000   0.00000   0.01620   0.15691   0.01262   0.00000   0.00000   0.00558   0.17269   0.16390   0.03697   0.01362   0.00286   0.03056   0.00000   0.00075   0.15644   0.00000   0.02226   0.00000   0.00000   0.06381   0.00278   0.00000   1.14453   1.17098   0.93018  
 46 829.4555    144.157146  x:  0.02336   0.00000   0.02347   0.00000   0.03381   0.03320   0.00229   0.00764   0.03240   0.00000   0.01768   0.00000   0.00000   0.00000   0.00000   0.02661   0.15667   0.00000   0.01601   0.00260   0.03580   0.00460   0.00000   0.00000   0.00000   0.03365   0.02068   0.15714   0.05050   0.00000   0.00000   0.00000   0.02692   0.00000   0.01198   0.00000   0.00214   0.02751   0.02773   0.03843   0.00000   0.00000   0.05058   0.00000   0.00000   0.00000   0.00000   0.00000   0.00000   0.00000   0.00000   0.00000   0.00000   0.00000   0.00000   0.00258   0.00000   0.00339   0.00000   0.00000   0.00000   0.00000   0.00000   0.01564   0.15692   0.01225   0.00000   0.00000   0.00521   0.17282   0.16401   0.03640   0.01297   0.00220   0.02999   0.00000   0.00000   0.15641   0.00000   0.02152   0.00000   0.00000   0.06390   0.00116   0.00000   1.14560   1.17098   0.92940  
 47 3267.4730    144.017740  x:  0.02327   0.00000   0.02281   0.00000   0.03315   0.03253   0.00162   0.00697   0.03173   0.00000   0.01702   0.00000   0.00000   0.00000   0.00000   0.02594   0.15680   0.00000   0.01530   0.00192   0.03512   0.00389   0.00000   0.00000   0.00000   0.03297   0.02037   0.15729   0.05015   0.00000   0.00000   0.00000   0.02625   0.00000   0.01131   0.00000   0.00147   0.02685   0.02706   0.03777   0.00000   0.00000   0.05051   0.00000   0.00000   0.00000   0.00000   0.00000   0.00000   0.00000   0.00000   0.00000   0.00000   0.00000   0.00000   0.00242   0.00000   0.00273   0.00000   0.00000   0.00000   0.00000   0.00000   0.01493   0.15664   0.01173   0.00000   0.00000   0.00469   0.17292   0.16420   0.03568   0.01218   0.00141   0.02928   0.00000   0.00000   0.15640   0.00000   0.02066   0.00000   0.00000   0.06398   0.00000   0.00000   1.14665   1.17098   0.92884  
 48 367.1159    143.822579  x:  0.02316   0.00000   0.02163   0.00000   0.03197   0.03135   0.00043   0.00579   0.03055   0.00000   0.01584   0.00000   0.00000   0.00000   0.00000   0.02477   0.15705   0.00000   0.01406   0.00071   0.03392   0.00264   0.00000   0.00000   0.00000   0.03178   0.01979   0.15719   0.04950   0.00000   0.00000   0.00000   0.02507   0.00000   0.01013   0.00000   0.00028   0.02567   0.02587   0.03660   0.00000   0.00000   0.05039   0.00000   0.00000   0.00000   0.00000   0.00000   0.00000   0.00000   0.00000   0.00000   0.00000   0.00000   0.00000   0.00219   0.00000   0.00155   0.00000   0.00000   0.00000   0.00000   0.00000   0.01368   0.15687   0.01079   0.00000   0.00000   0.00374   0.17329   0.16412   0.03440   0.01079   0.00000   0.02800   0.00000   0.00000   0.15642   0.00000   0.01916   0.00000   0.00000   0.06413   0.00000   0.00000   1.14841   1.17098   0.92802  
 49 1242.4641    143.779538  x:  0.02315   0.00000   0.02136   0.00000   0.03170   0.03107   0.00015   0.00551   0.03028   0.00000   0.01557   0.00000   0.00000   0.00000   0.00000   0.02449   0.15710   0.00000   0.01378   0.00043   0.03364   0.00235   0.00000   0.00000   0.00000   0.03150   0.01963   0.15719   0.04933   0.00000   0.00000   0.00000   0.02480   0.00000   0.00986   0.00000   0.00000   0.02540   0.02560   0.03633   0.00000   0.00000   0.05036   0.00000   0.00000   0.00000   0.00000   0.00000   0.00000   0.00000   0.00000   0.00000   0.00000   0.00000   0.00000   0.00214   0.00000   0.00128   0.00000   0.00000   0.00000   0.00000   0.00000   0.01339   0.15688   0.01057   0.00000   0.00000   0.00351   0.17336   0.16412   0.03410   0.01046   0.00000   0.02770   0.00000   0.00000   0.15642   0.00000   0.01881   0.00000   0.00000   0.06416   0.00000   0.00000   1.14880   1.17098   0.92788  
 50 1981.2569    143.757909  x:  0.02314   0.00000   0.02122   0.00000   0.03155   0.03093   0.00000   0.00537   0.03014   0.00000   0.01543   0.00000   0.00000   0.00000   0.00000   0.02435   0.15713   0.00000   0.01362   0.00027   0.03348   0.00219   0.00000   0.00000   0.00000   0.03135   0.01964   0.15720   0.04932   0.00000   0.00000   0.00000   0.02465   0.00000   0.00972   0.00000   0.00000   0.02526   0.02546   0.03619   0.00000   0.00000   0.05034   0.00000   0.00000   0.00000   0.00000   0.00000   0.00000   0.00000   0.00000   0.00000   0.00000   0.00000   0.00000   0.00210   0.00000   0.00114   0.00000   0.00000   0.00000   0.00000   0.00000   0.01323   0.15687   0.01049   0.00000   0.00000   0.00343   0.17340   0.16413   0.03397   0.01029   0.00000   0.02757   0.00000   0.00000   0.15641   0.00000   0.01862   0.00000   0.00000   0.06418   0.00000   0.00000   1.14903   1.17098   0.92776  
 51 120.6796    143.726666  x:  0.02309   0.00000   0.02098   0.00000   0.03132   0.03069   0.00000   0.00513   0.02990   0.00000   0.01520   0.00000   0.00000   0.00000   0.00000   0.02412   0.15717   0.00000   0.01334   0.00000   0.03322   0.00190   0.00000   0.00000   0.00000   0.03109   0.01983   0.15703   0.04950   0.00000   0.00000   0.00000   0.02442   0.00000   0.00948   0.00000   0.00000   0.02502   0.02522   0.03596   0.00000   0.00000   0.05032   0.00000   0.00000   0.00000   0.00000   0.00000   0.00000   0.00000   0.00000   0.00000   0.00000   0.00000   0.00000   0.00202   0.00000   0.00091   0.00000   0.00000   0.00000   0.00000   0.00000   0.01296   0.15677   0.01042   0.00000   0.00000   0.00336   0.17346   0.16414   0.03382   0.01001   0.00000   0.02742   0.00000   0.00000   0.15677   0.00000   0.01831   0.00000   0.00000   0.06421   0.00000   0.00000   1.14933   1.17098   0.92754  
 52 108.3091    143.618620  x:  0.02288   0.00000   0.02009   0.00000   0.03042   0.02977   0.00000   0.00422   0.02900   0.00000   0.01430   0.00000   0.00000   0.00000   0.00000   0.02322   0.15729   0.00000   0.01222   0.00000   0.03215   0.00076   0.00000   0.00000   0.00000   0.03004   0.02125   0.15699   0.05084   0.00000   0.00000   0.00000   0.02352   0.00000   0.00858   0.00000   0.00000   0.02412   0.02431   0.03506   0.00000   0.00000   0.05025   0.00000   0.00000   0.00000   0.00000   0.00000   0.00000   0.00000   0.00000   0.00000   0.00000   0.00000   0.00000   0.00173   0.00000   0.00000   0.00000   0.00000   0.00000   0.00000   0.00000   0.01187   0.15676   0.01037   0.00000   0.00000   0.00331   0.17365   0.16418   0.03339   0.00888   0.00000   0.02701   0.00000   0.00000   0.15677   0.00000   0.01707   0.00000   0.00000   0.06430   0.00000   0.00000   1.15034   1.17098   0.92663  
 53 123.9742    143.549572  x:  0.02273   0.00000   0.01950   0.00000   0.02983   0.02917   0.00000   0.00362   0.02841   0.00000   0.01372   0.00000   0.00000   0.00000   0.00000   0.02264   0.15737   0.00000   0.01149   0.00000   0.03146   0.00000   0.00000   0.00000   0.00000   0.02935   0.02206   0.15696   0.05160   0.00000   0.00000   0.00000   0.02294   0.00000   0.00799   0.00000   0.00000   0.02354   0.02372   0.03447   0.00000   0.00000   0.05020   0.00000   0.00000   0.00000   0.00000   0.00000   0.00000   0.00000   0.00000   0.00000   0.00000   0.00000   0.00000   0.00153   0.00000   0.00000   0.00000   0.00000   0.00000   0.00000   0.00000   0.01116   0.15675   0.01033   0.00000   0.00000   0.00326   0.17378   0.16421   0.03311   0.00815   0.00000   0.02675   0.00000   0.00000   0.15676   0.00000   0.01627   0.00000   0.00000   0.06435   0.00000   0.00000   1.15101   1.17098   0.92598  
 54 2459.6497    143.136631  x:  0.02174   0.00000   0.01598   0.00000   0.02628   0.02554   0.00000   0.00000   0.02485   0.00000   0.01020   0.00000   0.00000   0.00000   0.00000   0.01912   0.15779   0.00000   0.00671   0.00000   0.02695   0.00000   0.00000   0.00000   0.00000   0.02494   0.02511   0.15685   0.05435   0.00000   0.00000   0.00000   0.01941   0.00000   0.00445   0.00000   0.00000   0.01999   0.02015   0.03092   0.00000   0.00000   0.04995   0.00000   0.00000   0.00000   0.00000   0.00000   0.00000   0.00000   0.00000   0.00000   0.00000   0.00000   0.00000   0.00003   0.00000   0.00000   0.00000   0.00000   0.00000   0.00000   0.00000   0.00660   0.15676   0.01072   0.00000   0.00000   0.00362   0.17446   0.16437   0.03205   0.00371   0.00000   0.02576   0.00000   0.00000   0.15671   0.00000   0.01133   0.00000   0.00000   0.06464   0.00000   0.00000   1.15398   1.17098   0.92145  
 55 66.1138    143.129872  x:  0.02172   0.00000   0.01592   0.00000   0.02621   0.02548   0.00000   0.00000   0.02479   0.00000   0.01014   0.00000   0.00000   0.00000   0.00000   0.01906   0.15779   0.00000   0.00662   0.00000   0.02686   0.00000   0.00000   0.00000   0.00000   0.02486   0.02513   0.15684   0.05437   0.00000   0.00000   0.00000   0.01935   0.00000   0.00439   0.00000   0.00000   0.01992   0.02009   0.03086   0.00000   0.00000   0.04994   0.00000   0.00000   0.00000   0.00000   0.00000   0.00000   0.00000   0.00000   0.00000   0.00000   0.00000   0.00000   0.00000   0.00000   0.00000   0.00000   0.00000   0.00000   0.00000   0.00000   0.00651   0.15676   0.01077   0.00000   0.00000   0.00367   0.17447   0.16437   0.03207   0.00363   0.00000   0.02578   0.00000   0.00000   0.15671   0.00000   0.01123   0.00000   0.00000   0.06464   0.00000   0.00000   1.15402   1.17098   0.92138  
 56 49.3541    142.868128  x:  0.02001   0.00000   0.01338   0.00000   0.02364   0.02280   0.00000   0.00000   0.02220   0.00000   0.00761   0.00000   0.00000   0.00000   0.00000   0.01654   0.15805   0.00000   0.00247   0.00000   0.02301   0.00000   0.00000   0.00000   0.00000   0.02111   0.02534   0.15681   0.05441   0.00000   0.00000   0.00000   0.01682   0.00000   0.00183   0.00000   0.00000   0.01734   0.01750   0.02826   0.00000   0.00000   0.04977   0.00000   0.00000   0.00000   0.00000   0.00000   0.00000   0.00000   0.00000   0.00000   0.00000   0.00000   0.00000   0.00000   0.00000   0.00000   0.00000   0.00000   0.00000   0.00000   0.00000   0.00261   0.15678   0.01402   0.00000   0.00000   0.00689   0.17487   0.16446   0.03364   0.00000   0.00000   0.02743   0.00000   0.00000   0.15668   0.00000   0.00697   0.00000   0.00000   0.06485   0.00000   0.00000   1.15577   1.17098   0.91861  
 57 317.3661    142.715460  x:  0.01867   0.00000   0.01190   0.00000   0.02213   0.02123   0.00000   0.00000   0.02069   0.00000   0.00613   0.00000   0.00000   0.00000   0.00000   0.01506   0.15821   0.00000   0.00000   0.00000   0.02072   0.00000   0.00000   0.00000   0.00000   0.01889   0.02553   0.15679   0.05450   0.00000   0.00000   0.00000   0.01533   0.00000   0.00033   0.00000   0.00000   0.01582   0.01598   0.02674   0.00000   0.00000   0.04965   0.00000   0.00000   0.00000   0.00000   0.00000   0.00000   0.00000   0.00000   0.00000   0.00000   0.00000   0.00000   0.00000   0.00000   0.00000   0.00000   0.00000   0.00000   0.00000   0.00000   0.00031   0.15680   0.01574   0.00000   0.00000   0.00859   0.17512   0.16452   0.03443   0.00000   0.00000   0.02827   0.00000   0.00000   0.15667   0.00000   0.00447   0.00000   0.00000   0.06498   0.00000   0.00000   1.15684   1.17098   0.91686  
 58 1221.6224    142.692544  x:  0.01833   0.00000   0.01170   0.00000   0.02194   0.02102   0.00000   0.00000   0.02049   0.00000   0.00594   0.00000   0.00000   0.00000   0.00000   0.01487   0.15822   0.00000   0.00000   0.00000   0.02042   0.00000   0.00000   0.00000   0.00000   0.01859   0.02556   0.15678   0.05452   0.00000   0.00000   0.00000   0.01514   0.00000   0.00014   0.00000   0.00000   0.01563   0.01579   0.02654   0.00000   0.00000   0.04964   0.00000   0.00000   0.00000   0.00000   0.00000   0.00000   0.00000   0.00000   0.00000   0.00000   0.00000   0.00000   0.00000   0.00000   0.00000   0.00000   0.00000   0.00000   0.00000   0.00000   0.00000   0.15680   0.01593   0.00000   0.00000   0.00879   0.17515   0.16453   0.03451   0.00000   0.00000   0.02836   0.00000   0.00000   0.15667   0.00000   0.00414   0.00000   0.00000   0.06500   0.00000   0.00000   1.15697   1.17098   0.91663  
 59 151.8880    142.677304  x:  0.01807   0.00000   0.01157   0.00000   0.02180   0.02088   0.00000   0.00000   0.02036   0.00000   0.00580   0.00000   0.00000   0.00000   0.00000   0.01474   0.15824   0.00000   0.00000   0.00000   0.02021   0.00000   0.00000   0.00000   0.00000   0.01839   0.02558   0.15678   0.05453   0.00000   0.00000   0.00000   0.01501   0.00000   0.00000   0.00000   0.00000   0.01549   0.01565   0.02640   0.00000   0.00000   0.04963   0.00000   0.00000   0.00000   0.00000   0.00000   0.00000   0.00000   0.00000   0.00000   0.00000   0.00000   0.00000   0.00000   0.00000   0.00000   0.00000   0.00000   0.00000   0.00000   0.00000   0.00000   0.15680   0.01607   0.00000   0.00000   0.00892   0.17517   0.16453   0.03457   0.00000   0.00000   0.02842   0.00000   0.00000   0.15666   0.00000   0.00391   0.00000   0.00000   0.06501   0.00000   0.00000   1.15706   1.17098   0.91647  
 60 7668.5673    142.677304  x:  0.01807   0.00000   0.01157   0.00000   0.02180   0.02088   0.00000   0.00000   0.02036   0.00000   0.00580   0.00000   0.00000   0.00000   0.00000   0.01474   0.15824   0.00000   0.00000   0.00000   0.02021   0.00000   0.00000   0.00000   0.00000   0.01839   0.02558   0.15678   0.05453   0.00000   0.00000   0.00000   0.01501   0.00000   0.00000   0.00000   0.00000   0.01549   0.01565   0.02640   0.00000   0.00000   0.04963   0.00000   0.00000   0.00000   0.00000   0.00000   0.00000   0.00000   0.00000   0.00000   0.00000   0.00000   0.00000   0.00000   0.00000   0.00000   0.00000   0.00000   0.00000   0.00000   0.00000   0.00000   0.15680   0.01607   0.00000   0.00000   0.00892   0.17517   0.16453   0.03457   0.00000   0.00000   0.02842   0.00000   0.00000   0.15666   0.00000   0.00391   0.00000   0.00000   0.06501   0.00000   0.00000   1.15706   1.17098   0.91647  
 61 89.2656    141.880963  x:  0.00164   0.00000   0.00789   0.00000   0.01813   0.01721   0.00000   0.00000   0.01668   0.00000   0.00212   0.00000   0.00000   0.00000   0.00000   0.01106   0.15924   0.00000   0.00000   0.00000   0.01696   0.00000   0.00000   0.00000   0.00000   0.01514   0.02241   0.15818   0.05134   0.00000   0.00000   0.00000   0.01133   0.00000   0.00000   0.00000   0.00000   0.01181   0.01198   0.02273   0.00000   0.00000   0.04721   0.00000   0.00000   0.00000   0.00000   0.00000   0.00000   0.00000   0.00000   0.00000   0.00000   0.00000   0.00000   0.00000   0.00000   0.00000   0.00000   0.00000   0.00000   0.00000   0.00000   0.00000   0.15768   0.01251   0.00000   0.00000   0.00536   0.17554   0.16514   0.03069   0.00000   0.00000   0.02454   0.00000   0.00000   0.15747   0.00000   0.00000   0.00000   0.00000   0.06972   0.00000   0.00000   1.15721   1.17098   0.91678  
 62 34.1921    141.807036  x:  0.00000   0.00000   0.00753   0.00000   0.01777   0.01684   0.00000   0.00000   0.01632   0.00000   0.00176   0.00000   0.00000   0.00000   0.00000   0.01070   0.15933   0.00000   0.00000   0.00000   0.01664   0.00000   0.00000   0.00000   0.00000   0.01482   0.02210   0.15831   0.05102   0.00000   0.00000   0.00000   0.01096   0.00000   0.00000   0.00000   0.00000   0.01145   0.01161   0.02237   0.00000   0.00000   0.04718   0.00000   0.00000   0.00000   0.00000   0.00000   0.00000   0.00000   0.00000   0.00000   0.00000   0.00000   0.00000   0.00000   0.00000   0.00000   0.00000   0.00000   0.00000   0.00000   0.00000   0.00000   0.15776   0.01215   0.00000   0.00000   0.00501   0.17557   0.16520   0.03031   0.00000   0.00000   0.02415   0.00000   0.00000   0.15754   0.00000   0.00000   0.00000   0.00000   0.06977   0.00000   0.00000   1.15723   1.17098   0.91683  
 63 787.5358    141.641243  x:  0.00000   0.00000   0.00578   0.00000   0.01602   0.01510   0.00000   0.00000   0.01457   0.00000   0.00000   0.00000   0.00000   0.00000   0.00000   0.00895   0.15986   0.00000   0.00000   0.00000   0.01510   0.00000   0.00000   0.00000   0.00000   0.01328   0.02060   0.15905   0.04952   0.00000   0.00000   0.00000   0.00921   0.00000   0.00000   0.00000   0.00000   0.00970   0.00986   0.02063   0.00000   0.00000   0.04693   0.00000   0.00000   0.00000   0.00000   0.00000   0.00000   0.00000   0.00000   0.00000   0.00000   0.00000   0.00000   0.00000   0.00000   0.00000   0.00000   0.00000   0.00000   0.00000   0.00000   0.00000   0.15823   0.01047   0.00000   0.00000   0.00332   0.17576   0.16552   0.02847   0.00000   0.00000   0.02232   0.00000   0.00000   0.15796   0.00000   0.00000   0.00000   0.00000   0.06993   0.00000   0.00000   1.15728   1.17098   0.91686  
 64 13584.8973    141.333694  x:  0.00000   0.00000   0.00233   0.00000   0.01258   0.01166   0.00000   0.00000   0.01113   0.00000   0.00000   0.00000   0.00000   0.00000   0.00000   0.00550   0.16091   0.00000   0.00000   0.00000   0.01206   0.00000   0.00000   0.00000   0.00000   0.01024   0.01765   0.16051   0.04655   0.00000   0.00000   0.00000   0.00577   0.00000   0.00000   0.00000   0.00000   0.00626   0.00642   0.01719   0.00000   0.00000   0.04711   0.00000   0.00000   0.00000   0.00000   0.00000   0.00000   0.00000   0.00000   0.00000   0.00000   0.00000   0.00000   0.00000   0.00000   0.00000   0.00000   0.00000   0.00000   0.00000   0.00000   0.00000   0.15915   0.00715   0.00000   0.00000   0.00000   0.17614   0.16615   0.02485   0.00000   0.00000   0.01870   0.00000   0.00000   0.15880   0.00000   0.00000   0.00000   0.00000   0.07058   0.00000   0.00000   1.15737   1.17098   0.91651  
 65 5985.2842    141.139970  x:  0.00000   0.00000   0.00000   0.00000   0.01026   0.00933   0.00000   0.00000   0.00881   0.00000   0.00000   0.00000   0.00000   0.00000   0.00000   0.00318   0.16127   0.00000   0.00000   0.00000   0.01001   0.00000   0.00000   0.00000   0.00000   0.00819   0.01564   0.16101   0.04453   0.00000   0.00000   0.00000   0.00344   0.00000   0.00000   0.00000   0.00000   0.00393   0.00409   0.01487   0.00000   0.00000   0.04692   0.00000   0.00000   0.00000   0.00000   0.00000   0.00000   0.00000   0.00000   0.00000   0.00000   0.00000   0.00000   0.00000   0.00000   0.00000   0.00000   0.00000   0.00000   0.00000   0.00000   0.00000   0.15946   0.00490   0.00000   0.00000   0.00000   0.17630   0.16639   0.02240   0.00000   0.00000   0.01624   0.00000   0.00000   0.15908   0.00000   0.00000   0.00000   0.00000   0.07086   0.00000   0.00000   1.15740   1.17098   0.91564  
 66 1566.4073    140.886475  x:  0.00000   0.00000   0.00000   0.00000   0.00708   0.00616   0.00000   0.00000   0.00564   0.00000   0.00000   0.00000   0.00000   0.00000   0.00000   0.00000   0.16184   0.00000   0.00000   0.00000   0.00719   0.00000   0.00000   0.00000   0.00000   0.00537   0.01243   0.16183   0.04130   0.00000   0.00000   0.00000   0.00027   0.00000   0.00000   0.00000   0.00000   0.00076   0.00092   0.01170   0.00000   0.00000   0.04672   0.00000   0.00000   0.00000   0.00000   0.00000   0.00000   0.00000   0.00000   0.00000   0.00000   0.00000   0.00000   0.00000   0.00000   0.00000   0.00000   0.00000   0.00000   0.00000   0.00000   0.00000   0.16003   0.00224   0.00000   0.00000   0.00000   0.17635   0.16657   0.01871   0.00000   0.00000   0.01255   0.00000   0.00000   0.15959   0.00000   0.00000   0.00000   0.00000   0.07118   0.00000   0.00000   1.15761   1.17098   0.91428  
 67 758.8691    140.866721  x:  0.00000   0.00000   0.00000   0.00000   0.00682   0.00590   0.00000   0.00000   0.00537   0.00000   0.00000   0.00000   0.00000   0.00000   0.00000   0.00000   0.16189   0.00000   0.00000   0.00000   0.00695   0.00000   0.00000   0.00000   0.00000   0.00513   0.01216   0.16190   0.04104   0.00000   0.00000   0.00000   0.00000   0.00000   0.00000   0.00000   0.00000   0.00049   0.00065   0.01143   0.00000   0.00000   0.04670   0.00000   0.00000   0.00000   0.00000   0.00000   0.00000   0.00000   0.00000   0.00000   0.00000   0.00000   0.00000   0.00000   0.00000   0.00000   0.00000   0.00000   0.00000   0.00000   0.00000   0.00000   0.16008   0.00202   0.00000   0.00000   0.00000   0.17635   0.16658   0.01840   0.00000   0.00000   0.01224   0.00000   0.00000   0.15963   0.00000   0.00000   0.00000   0.00000   0.07121   0.00000   0.00000   1.15763   1.17098   0.91416  
 68 1168831.9428    140.833343  x:  0.00000   0.00000   0.00000   0.00000   0.00633   0.00541   0.00000   0.00000   0.00488   0.00000   0.00000   0.00000   0.00000   0.00000   0.00000   0.00000   0.16198   0.00000   0.00000   0.00000   0.00652   0.00000   0.00000   0.00000   0.00000   0.00470   0.01169   0.16202   0.04056   0.00000   0.00000   0.00000   0.00000   0.00000   0.00000   0.00000   0.00000   0.00000   0.00017   0.01095   0.00000   0.00000   0.04667   0.00000   0.00000   0.00000   0.00000   0.00000   0.00000   0.00000   0.00000   0.00000   0.00000   0.00000   0.00000   0.00000   0.00000   0.00000   0.00000   0.00000   0.00000   0.00000   0.00000   0.00000   0.16016   0.00159   0.00000   0.00000   0.00000   0.17636   0.16661   0.01785   0.00000   0.00000   0.01169   0.00000   0.00000   0.15970   0.00000   0.00000   0.00000   0.00000   0.07126   0.00000   0.00000   1.15765   1.17098   0.91396  
 69 1012.0983    140.823166  x:  0.00000   0.00000   0.00000   0.00000   0.00617   0.00525   0.00000   0.00000   0.00472   0.00000   0.00000   0.00000   0.00000   0.00000   0.00000   0.00000   0.16199   0.00000   0.00000   0.00000   0.00638   0.00000   0.00000   0.00000   0.00000   0.00456   0.01154   0.16207   0.04041   0.00000   0.00000   0.00000   0.00000   0.00000   0.00000   0.00000   0.00000   0.00000   0.00000   0.01078   0.00000   0.00000   0.04666   0.00000   0.00000   0.00000   0.00000   0.00000   0.00000   0.00000   0.00000   0.00000   0.00000   0.00000   0.00000   0.00000   0.00000   0.00000   0.00000   0.00000   0.00000   0.00000   0.00000   0.00000   0.16020   0.00145   0.00000   0.00000   0.00000   0.17637   0.16661   0.01766   0.00000   0.00000   0.01150   0.00000   0.00000   0.15974   0.00000   0.00000   0.00000   0.00000   0.07127   0.00000   0.00000   1.15765   1.17098   0.91390  
 70 1427.8703    140.728874  x:  0.00000   0.00000   0.00000   0.00000   0.00454   0.00362   0.00000   0.00000   0.00309   0.00000   0.00000   0.00000   0.00000   0.00000   0.00000   0.00000   0.16236   0.00000   0.00000   0.00000   0.00494   0.00000   0.00000   0.00000   0.00000   0.00311   0.00998   0.16245   0.03884   0.00000   0.00000   0.00000   0.00000   0.00000   0.00000   0.00000   0.00000   0.00000   0.00000   0.00915   0.00000   0.00000   0.04656   0.00000   0.00000   0.00000   0.00000   0.00000   0.00000   0.00000   0.00000   0.00000   0.00000   0.00000   0.00000   0.00000   0.00000   0.00000   0.00000   0.00000   0.00000   0.00000   0.00000   0.00000   0.16046   0.00000   0.00000   0.00000   0.00000   0.17629   0.16667   0.01580   0.00000   0.00000   0.00964   0.00000   0.00000   0.15996   0.00000   0.00000   0.00000   0.00000   0.07143   0.00000   0.00000   1.15767   1.17098   0.91325  
 71 3275.2863    140.568690  x:  0.00000   0.00000   0.00000   0.00000   0.00145   0.00053   0.00000   0.00000   0.00000   0.00000   0.00000   0.00000   0.00000   0.00000   0.00000   0.00000   0.16269   0.00000   0.00000   0.00000   0.00223   0.00000   0.00000   0.00000   0.00000   0.00041   0.00727   0.16321   0.03612   0.00000   0.00000   0.00000   0.00000   0.00000   0.00000   0.00000   0.00000   0.00000   0.00000   0.00607   0.00000   0.00000   0.04638   0.00000   0.00000   0.00000   0.00000   0.00000   0.00000   0.00000   0.00000   0.00000   0.00000   0.00000   0.00000   0.00000   0.00000   0.00000   0.00000   0.00000   0.00000   0.00000   0.00000   0.00000   0.16100   0.00000   0.00000   0.00000   0.00000   0.17623   0.16706   0.01239   0.00000   0.00000   0.00622   0.00000   0.00000   0.16045   0.00000   0.00000   0.00000   0.00000   0.07170   0.00000   0.00000   1.15767   1.17098   0.91210  
 72 1186.6089    140.547436  x:  0.00000   0.00000   0.00000   0.00000   0.00099   0.00007   0.00000   0.00000   0.00000   0.00000   0.00000   0.00000   0.00000   0.00000   0.00000   0.00000   0.16279   0.00000   0.00000   0.00000   0.00183   0.00000   0.00000   0.00000   0.00000   0.00000   0.00688   0.16331   0.03573   0.00000   0.00000   0.00000   0.00000   0.00000   0.00000   0.00000   0.00000   0.00000   0.00000   0.00561   0.00000   0.00000   0.04635   0.00000   0.00000   0.00000   0.00000   0.00000   0.00000   0.00000   0.00000   0.00000   0.00000   0.00000   0.00000   0.00000   0.00000   0.00000   0.00000   0.00000   0.00000   0.00000   0.00000   0.00000   0.16107   0.00000   0.00000   0.00000   0.00000   0.17627   0.16706   0.01188   0.00000   0.00000   0.00572   0.00000   0.00000   0.16051   0.00000   0.00000   0.00000   0.00000   0.07174   0.00000   0.00000   1.15766   1.17098   0.91193  
 73 2112.9799    140.544630  x:  0.00000   0.00000   0.00000   0.00000   0.00093   0.00000   0.00000   0.00000   0.00000   0.00000   0.00000   0.00000   0.00000   0.00000   0.00000   0.00000   0.16279   0.00000   0.00000   0.00000   0.00177   0.00000   0.00000   0.00000   0.00000   0.00000   0.00682   0.16333   0.03567   0.00000   0.00000   0.00000   0.00000   0.00000   0.00000   0.00000   0.00000   0.00000   0.00000   0.00554   0.00000   0.00000   0.04635   0.00000   0.00000   0.00000   0.00000   0.00000   0.00000   0.00000   0.00000   0.00000   0.00000   0.00000   0.00000   0.00000   0.00000   0.00000   0.00000   0.00000   0.00000   0.00000   0.00000   0.00000   0.16108   0.00000   0.00000   0.00000   0.00000   0.17627   0.16706   0.01181   0.00000   0.00000   0.00564   0.00000   0.00000   0.16052   0.00000   0.00000   0.00000   0.00000   0.07174   0.00000   0.00000   1.15766   1.17098   0.91191  
 74 641.0051    140.512234  x:  0.00000   0.00000   0.00000   0.00000   0.00000   0.00000   0.00000   0.00000   0.00000   0.00000   0.00000   0.00000   0.00000   0.00000   0.00000   0.00000   0.16291   0.00000   0.00000   0.00000   0.00097   0.00000   0.00000   0.00000   0.00000   0.00000   0.00615   0.16357   0.03500   0.00000   0.00000   0.00000   0.00000   0.00000   0.00000   0.00000   0.00000   0.00000   0.00000   0.00462   0.00000   0.00000   0.04630   0.00000   0.00000   0.00000   0.00000   0.00000   0.00000   0.00000   0.00000   0.00000   0.00000   0.00000   0.00000   0.00000   0.00000   0.00000   0.00000   0.00000   0.00000   0.00000   0.00000   0.00000   0.16118   0.00000   0.00000   0.00000   0.00000   0.17628   0.16708   0.01081   0.00000   0.00000   0.00464   0.00000   0.00000   0.16060   0.00000   0.00000   0.00000   0.00000   0.07181   0.00000   0.00000   1.15760   1.17098   0.91163  
 75 427.6728    140.479077  x:  0.00000   0.00000   0.00000   0.00000   0.00000   0.00000   0.00000   0.00000   0.00000   0.00000   0.00000   0.00000   0.00000   0.00000   0.00000   0.00000   0.16309   0.00000   0.00000   0.00000   0.00000   0.00000   0.00000   0.00000   0.00000   0.00000   0.00536   0.16370   0.03421   0.00000   0.00000   0.00000   0.00000   0.00000   0.00000   0.00000   0.00000   0.00000   0.00000   0.00349   0.00000   0.00000   0.04624   0.00000   0.00000   0.00000   0.00000   0.00000   0.00000   0.00000   0.00000   0.00000   0.00000   0.00000   0.00000   0.00000   0.00000   0.00000   0.00000   0.00000   0.00000   0.00000   0.00000   0.00000   0.16140   0.00000   0.00000   0.00000   0.00000   0.17631   0.16715   0.00959   0.00000   0.00000   0.00342   0.00000   0.00000   0.16081   0.00000   0.00000   0.00000   0.00000   0.07190   0.00000   0.00000   1.15753   1.17098   0.91131  
 76 1307.0906    140.401987  x:  0.00000   0.00000   0.00000   0.00000   0.00000   0.00000   0.00000   0.00000   0.00000   0.00000   0.00000   0.00000   0.00000   0.00000   0.00000   0.00000   0.16347   0.00000   0.00000   0.00000   0.00000   0.00000   0.00000   0.00000   0.00000   0.00000   0.00339   0.16432   0.03223   0.00000   0.00000   0.00000   0.00000   0.00000   0.00000   0.00000   0.00000   0.00000   0.00000   0.00039   0.00000   0.00000   0.04609   0.00000   0.00000   0.00000   0.00000   0.00000   0.00000   0.00000   0.00000   0.00000   0.00000   0.00000   0.00000   0.00000   0.00000   0.00000   0.00000   0.00000   0.00000   0.00000   0.00000   0.00000   0.16181   0.00000   0.00000   0.00000   0.00000   0.17626   0.16717   0.00617   0.00000   0.00000   0.00000   0.00000   0.00000   0.16115   0.00000   0.00000   0.00000   0.00000   0.07212   0.00000   0.00000   1.15728   1.17098   0.91049  
 77 294.6335    140.395138  x:  0.00000   0.00000   0.00000   0.00000   0.00000   0.00000   0.00000   0.00000   0.00000   0.00000   0.00000   0.00000   0.00000   0.00000   0.00000   0.00000   0.16351   0.00000   0.00000   0.00000   0.00000   0.00000   0.00000   0.00000   0.00000   0.00000   0.00317   0.16438   0.03201   0.00000   0.00000   0.00000   0.00000   0.00000   0.00000   0.00000   0.00000   0.00000   0.00000   0.00000   0.00000   0.00000   0.04608   0.00000   0.00000   0.00000   0.00000   0.00000   0.00000   0.00000   0.00000   0.00000   0.00000   0.00000   0.00000   0.00000   0.00000   0.00000   0.00000   0.00000   0.00000   0.00000   0.00000   0.00000   0.16184   0.00000   0.00000   0.00000   0.00000   0.17626   0.16718   0.00574   0.00000   0.00000   0.00000   0.00000   0.00000   0.16120   0.00000   0.00000   0.00000   0.00000   0.07214   0.00000   0.00000   1.15725   1.17098   0.91041  
 78 56.1216    140.330947  x:  0.00000   0.00000   0.00000   0.00000   0.00000   0.00000   0.00000   0.00000   0.00000   0.00000   0.00000   0.00000   0.00000   0.00000   0.00000   0.00000   0.16399   0.00000   0.00000   0.00000   0.00000   0.00000   0.00000   0.00000   0.00000   0.00000   0.00000   0.16498   0.02885   0.00000   0.00000   0.00000   0.00000   0.00000   0.00000   0.00000   0.00000   0.00000   0.00000   0.00000   0.00000   0.00000   0.04591   0.00000   0.00000   0.00000   0.00000   0.00000   0.00000   0.00000   0.00000   0.00000   0.00000   0.00000   0.00000   0.00000   0.00000   0.00000   0.00000   0.00000   0.00000   0.00000   0.00000   0.00000   0.16345   0.00000   0.00000   0.00000   0.00000   0.17622   0.16723   0.00029   0.00000   0.00000   0.00000   0.00000   0.00000   0.16058   0.00000   0.00000   0.00000   0.00000   0.07238   0.00000   0.00000   1.15689   1.17098   0.90959  
 79 55.5441    140.328256  x:  0.00000   0.00000   0.00000   0.00000   0.00000   0.00000   0.00000   0.00000   0.00000   0.00000   0.00000   0.00000   0.00000   0.00000   0.00000   0.00000   0.16401   0.00000   0.00000   0.00000   0.00000   0.00000   0.00000   0.00000   0.00000   0.00000   0.00000   0.16501   0.02866   0.00000   0.00000   0.00000   0.00000   0.00000   0.00000   0.00000   0.00000   0.00000   0.00000   0.00000   0.00000   0.00000   0.04590   0.00000   0.00000   0.00000   0.00000   0.00000   0.00000   0.00000   0.00000   0.00000   0.00000   0.00000   0.00000   0.00000   0.00000   0.00000   0.00000   0.00000   0.00000   0.00000   0.00000   0.00000   0.16346   0.00000   0.00000   0.00000   0.00000   0.17622   0.16723   0.00000   0.00000   0.00000   0.00000   0.00000   0.00000   0.16061   0.00000   0.00000   0.00000   0.00000   0.07239   0.00000   0.00000   1.15688   1.17098   0.90956  
 80 61.7334    140.183793  x:  0.00000   0.00000   0.00000   0.00000   0.00000   0.00000   0.00000   0.00000   0.00000   0.00000   0.00000   0.00000   0.00000   0.00000   0.00000   0.00000   0.16526   0.00000   0.00000   0.00000   0.00000   0.00000   0.00000   0.00000   0.00000   0.00000   0.00000   0.16675   0.00000   0.00000   0.00000   0.00000   0.00000   0.00000   0.00000   0.00000   0.00000   0.00000   0.00000   0.00000   0.00000   0.00000   0.04548   0.00000   0.00000   0.00000   0.00000   0.00000   0.00000   0.00000   0.00000   0.00000   0.00000   0.00000   0.00000   0.00000   0.00000   0.00000   0.00000   0.00000   0.00000   0.00000   0.00000   0.00000   0.16599   0.00000   0.00000   0.00000   0.00000   0.17622   0.16737   0.00000   0.00000   0.00000   0.00000   0.00000   0.00000   0.16076   0.00000   0.00000   0.00000   0.00000   0.07296   0.00000   0.00000   1.15630   1.17098   0.90805  
 81  5.5595    140.057075  x:  0.00000   0.00000   0.00000   0.00000   0.00000   0.00000   0.00000   0.00000   0.00000   0.00000   0.00000   0.00000   0.00000   0.00000   0.00000   0.00000   0.19967   0.00000   0.00000   0.00000   0.00000   0.00000   0.00000   0.00000   0.00000   0.00000   0.00000   0.21528   0.00000   0.00000   0.00000   0.00000   0.00000   0.00000   0.00000   0.00000   0.00000   0.00000   0.00000   0.00000   0.00000   0.00000   0.04445   0.00000   0.00000   0.00000   0.00000   0.00000   0.00000   0.00000   0.00000   0.00000   0.00000   0.00000   0.00000   0.00000   0.00000   0.00000   0.00000   0.00000   0.00000   0.00000   0.00000   0.00000   0.18603   0.00000   0.00000   0.00000   0.00000   0.21002   0.20877   0.00000   0.00000   0.00000   0.00000   0.00000   0.00000   0.19030   0.00000   0.00000   0.00000   0.00000   0.07775   0.00000   0.00000   1.36094   1.17098   0.88352  
 82  0.2548    140.043067  x:  0.00000   0.00000   0.00000   0.00000   0.00000   0.00000   0.00000   0.00000   0.00000   0.00000   0.00000   0.00000   0.00000   0.00000   0.00000   0.00000   0.20653   0.00000   0.00000   0.00000   0.00000   0.00000   0.00000   0.00000   0.00000   0.00000   0.00000   0.22513   0.00000   0.00000   0.00000   0.00000   0.00000   0.00000   0.00000   0.00000   0.00000   0.00000   0.00000   0.00000   0.00000   0.00000   0.04401   0.00000   0.00000   0.00000   0.00000   0.00000   0.00000   0.00000   0.00000   0.00000   0.00000   0.00000   0.00000   0.00000   0.00000   0.00000   0.00000   0.00000   0.00000   0.00000   0.00000   0.00000   0.19473   0.00000   0.00000   0.00000   0.00000   0.19020   0.19354   0.00000   0.00000   0.00000   0.00000   0.00000   0.00000   0.19559   0.00000   0.00000   0.00000   0.00000   0.08244   0.00000   0.00000   1.33872   1.17098   0.88196  
 83  0.0397    140.038800  x:  0.00000   0.00000   0.00000   0.00000   0.00000   0.00000   0.00000   0.00000   0.00000   0.00000   0.00000   0.00000   0.00000   0.00000   0.00000   0.00000   0.21067   0.00000   0.00000   0.00000   0.00000   0.00000   0.00000   0.00000   0.00000   0.00000   0.00000   0.23113   0.00000   0.00000   0.00000   0.00000   0.00000   0.00000   0.00000   0.00000   0.00000   0.00000   0.00000   0.00000   0.00000   0.00000   0.04343   0.00000   0.00000   0.00000   0.00000   0.00000   0.00000   0.00000   0.00000   0.00000   0.00000   0.00000   0.00000   0.00000   0.00000   0.00000   0.00000   0.00000   0.00000   0.00000   0.00000   0.00000   0.19849   0.00000   0.00000   0.00000   0.00000   0.19648   0.19733   0.00000   0.00000   0.00000   0.00000   0.00000   0.00000   0.19056   0.00000   0.00000   0.00000   0.00000   0.08338   0.00000   0.00000   1.27575   1.17098   0.88944  
 84  0.0311    140.012302  x:  0.00000   0.00000   0.00000   0.00000   0.00000   0.00000   0.00000   0.00000   0.00000   0.00000   0.00000   0.00000   0.00000   0.00000   0.00000   0.00000   0.21226   0.00000   0.00000   0.00000   0.00000   0.00000   0.00000   0.00000   0.00000   0.00000   0.00000   0.24673   0.00000   0.00000   0.00000   0.00000   0.00000   0.00000   0.00000   0.00000   0.00000   0.00000   0.00000   0.00000   0.00000   0.00000   0.04244   0.00000   0.00000   0.00000   0.00000   0.00000   0.00000   0.00000   0.00000   0.00000   0.00000   0.00000   0.00000   0.00000   0.00000   0.00000   0.00000   0.00000   0.00000   0.00000   0.00000   0.00000   0.20405   0.00000   0.00000   0.00000   0.00000   0.19104   0.19244   0.00000   0.00000   0.00000   0.00000   0.00000   0.00000   0.18530   0.00000   0.00000   0.00000   0.00000   0.08059   0.00000   0.00000   1.30183   1.17098   0.93987  
 85  0.0075    139.930212  x:  0.00000   0.00000   0.00000   0.00000   0.00000   0.00000   0.00000   0.00000   0.00000   0.00000   0.00000   0.00000   0.00000   0.00000   0.00000   0.00000   0.19796   0.00000   0.00000   0.00000   0.00000   0.00000   0.00000   0.00000   0.00000   0.00000   0.00000   0.27913   0.00000   0.00000   0.00000   0.00000   0.00000   0.00000   0.00000   0.00000   0.00000   0.00000   0.00000   0.00000   0.00000   0.00000   0.04086   0.00000   0.00000   0.00000   0.00000   0.00000   0.00000   0.00000   0.00000   0.00000   0.00000   0.00000   0.00000   0.00000   0.00000   0.00000   0.00000   0.00000   0.00000   0.00000   0.00000   0.00000   0.19947   0.00000   0.00000   0.00000   0.00000   0.18413   0.18573   0.00000   0.00000   0.00000   0.00000   0.00000   0.00000   0.17291   0.00000   0.00000   0.00000   0.00000   0.08203   0.00000   0.00000   1.42317   1.17098   1.30232  
 86  0.1316    139.926475  x:  0.00000   0.00357   0.00000   0.00000   0.00000   0.00000   0.00000   0.00000   0.00000   0.00000   0.00000   0.00000   0.00000   0.00000   0.00000   0.00000   0.19723   0.00000   0.00000   0.00000   0.00000   0.00000   0.00000   0.00000   0.00000   0.00000   0.00000   0.28075   0.00000   0.00000   0.00000   0.00000   0.00000   0.00000   0.00000   0.00000   0.00000   0.00000   0.00000   0.00000   0.00000   0.00000   0.04078   0.00000   0.00000   0.00000   0.00000   0.00000   0.00000   0.00000   0.00000   0.00000   0.00000   0.00000   0.00000   0.00000   0.00000   0.00000   0.00000   0.00000   0.00000   0.00000   0.00000   0.00000   0.19923   0.00000   0.00000   0.00000   0.00000   0.18378   0.18539   0.00000   0.00000   0.00000   0.00000   0.00000   0.00000   0.17230   0.00000   0.00000   0.00000   0.00000   0.08211   0.00000   0.00000   1.42927   1.17098   1.32094  
 87 11.9915    139.855667  x:  0.00000   0.01503   0.00000   0.00000   0.00000   0.00000   0.00000   0.00000   0.00000   0.00000   0.00000   0.00000   0.00000   0.00000   0.00000   0.00000   0.19657   0.00000   0.00000   0.00000   0.00000   0.00000   0.00000   0.00000   0.00000   0.00000   0.00000   0.22128   0.00000   0.00000   0.00000   0.00000   0.00000   0.00000   0.00000   0.00000   0.00000   0.00000   0.00000   0.00000   0.00000   0.00000   0.03041   0.00000   0.00000   0.00000   0.00000   0.00000   0.00000   0.00000   0.00000   0.00000   0.00000   0.00000   0.00000   0.00000   0.00000   0.00000   0.00000   0.00000   0.00000   0.00000   0.00000   0.00000   0.17888   0.00000   0.00000   0.00000   0.00000   0.18916   0.19369   0.00000   0.00000   0.00000   0.00000   0.00000   0.00000   0.20812   0.00000   0.00000   0.00000   0.00000   0.08252   0.00000   0.00000   1.28251   1.17098   1.55305  
 88  0.1009    139.800213  x:  0.00000   0.04295   0.00000   0.00000   0.00000   0.00000   0.00000   0.00000   0.00000   0.00000   0.00000   0.00000   0.00000   0.00000   0.00000   0.00000   0.18693   0.00000   0.00000   0.00000   0.00000   0.00000   0.00000   0.00000   0.00000   0.00000   0.00000   0.18133   0.00000   0.00000   0.00000   0.00000   0.00000   0.00000   0.00000   0.00000   0.00000   0.00000   0.00000   0.00000   0.00000   0.00000   0.00000   0.00000   0.00000   0.00000   0.00000   0.00000   0.00000   0.00000   0.00000   0.00000   0.00000   0.00000   0.00000   0.00000   0.00000   0.00000   0.00000   0.00000   0.00000   0.00000   0.00000   0.00000   0.17638   0.00000   0.00000   0.00000   0.00000   0.18354   0.18669   0.00000   0.00000   0.00000   0.00000   0.00000   0.00000   0.16736   0.00000   0.00000   0.00000   0.00000   0.09231   0.00000   0.00000   1.34533   1.17098   2.03542  
 89  0.1336    139.785375  x:  0.00000   0.03703   0.00000   0.00000   0.00000   0.00000   0.00000   0.00000   0.00000   0.00000   0.00000   0.00000   0.00000   0.00000   0.00000   0.00000   0.18891   0.00000   0.00000   0.00000   0.00000   0.00000   0.00000   0.00000   0.00000   0.00000   0.00000   0.19170   0.00000   0.00000   0.00000   0.00000   0.00000   0.00000   0.00000   0.00000   0.00000   0.00000   0.00000   0.00000   0.00000   0.00000   0.00000   0.00000   0.00000   0.00000   0.00000   0.00000   0.00000   0.00000   0.00000   0.00000   0.00000   0.00000   0.00000   0.00000   0.00000   0.00000   0.00000   0.00000   0.00000   0.00000   0.00000   0.00000   0.17873   0.00000   0.00000   0.00000   0.00000   0.18400   0.18702   0.00000   0.00000   0.00000   0.00000   0.00000   0.00000   0.17196   0.00000   0.00000   0.00000   0.00000   0.09051   0.00000   0.00000   1.34017   1.17098   1.94991  
 90  0.3846    139.764752  x:  0.00000   0.04036   0.00000   0.00000   0.00000   0.00000   0.00000   0.00000   0.00000   0.00000   0.00000   0.00000   0.00000   0.00000   0.00000   0.00000   0.19398   0.00000   0.00000   0.00000   0.00000   0.00000   0.00000   0.00000   0.00000   0.00000   0.00000   0.22105   0.00000   0.00000   0.00000   0.00000   0.00000   0.00000   0.00000   0.00000   0.00000   0.00000   0.00000   0.00000   0.00000   0.00000   0.00000   0.00000   0.00000   0.00000   0.00000   0.00000   0.00000   0.00000   0.00000   0.00000   0.00000   0.00000   0.00000   0.00000   0.00000   0.00000   0.00000   0.00000   0.00000   0.00000   0.00000   0.00000   0.18429   0.00000   0.00000   0.00000   0.00000   0.18225   0.18537   0.00000   0.00000   0.00000   0.00000   0.00000   0.00000   0.18502   0.00000   0.00000   0.00000   0.00000   0.08499   0.00000   0.00000   1.31785   1.17098   1.97667  
 91  0.0575    139.764337  x:  0.00000   0.03995   0.00000   0.00000   0.00000   0.00000   0.00000   0.00000   0.00000   0.00000   0.00000   0.00000   0.00000   0.00000   0.00000   0.00000   0.19379   0.00000   0.00000   0.00000   0.00000   0.00000   0.00000   0.00000   0.00000   0.00000   0.00000   0.22010   0.00000   0.00000   0.00000   0.00000   0.00000   0.00000   0.00000   0.00000   0.00000   0.00000   0.00000   0.00000   0.00000   0.00000   0.00000   0.00000   0.00000   0.00000   0.00000   0.00000   0.00000   0.00000   0.00000   0.00000   0.00000   0.00000   0.00000   0.00000   0.00000   0.00000   0.00000   0.00000   0.00000   0.00000   0.00000   0.00000   0.18315   0.00000   0.00000   0.00000   0.00000   0.18411   0.18734   0.00000   0.00000   0.00000   0.00000   0.00000   0.00000   0.18631   0.00000   0.00000   0.00000   0.00000   0.08390   0.00000   0.00000   1.31295   1.17098   1.96319  
 92  0.0163    139.764305  x:  0.00000   0.03989   0.00000   0.00000   0.00000   0.00000   0.00000   0.00000   0.00000   0.00000   0.00000   0.00000   0.00000   0.00000   0.00000   0.00000   0.19366   0.00000   0.00000   0.00000   0.00000   0.00000   0.00000   0.00000   0.00000   0.00000   0.00000   0.22046   0.00000   0.00000   0.00000   0.00000   0.00000   0.00000   0.00000   0.00000   0.00000   0.00000   0.00000   0.00000   0.00000   0.00000   0.00000   0.00000   0.00000   0.00000   0.00000   0.00000   0.00000   0.00000   0.00000   0.00000   0.00000   0.00000   0.00000   0.00000   0.00000   0.00000   0.00000   0.00000   0.00000   0.00000   0.00000   0.00000   0.18302   0.00000   0.00000   0.00000   0.00000   0.18409   0.18736   0.00000   0.00000   0.00000   0.00000   0.00000   0.00000   0.18531   0.00000   0.00000   0.00000   0.00000   0.08391   0.00000   0.00000   1.31373   1.17098   1.95248  
 93  0.0054    139.764289  x:  0.00000   0.04000   0.00000   0.00000   0.00000   0.00000   0.00000   0.00000   0.00000   0.00000   0.00000   0.00000   0.00000   0.00000   0.00000   0.00000   0.19379   0.00000   0.00000   0.00000   0.00000   0.00000   0.00000   0.00000   0.00000   0.00000   0.00000   0.22020   0.00000   0.00000   0.00000   0.00000   0.00000   0.00000   0.00000   0.00000   0.00000   0.00000   0.00000   0.00000   0.00000   0.00000   0.00000   0.00000   0.00000   0.00000   0.00000   0.00000   0.00000   0.00000   0.00000   0.00000   0.00000   0.00000   0.00000   0.00000   0.00000   0.00000   0.00000   0.00000   0.00000   0.00000   0.00000   0.00000   0.18319   0.00000   0.00000   0.00000   0.00000   0.18400   0.18721   0.00000   0.00000   0.00000   0.00000   0.00000   0.00000   0.18577   0.00000   0.00000   0.00000   0.00000   0.08392   0.00000   0.00000   1.31319   1.17098   1.94381  
 94  0.0048    139.764289  x:  0.00000   0.04002   0.00000   0.00000   0.00000   0.00000   0.00000   0.00000   0.00000   0.00000   0.00000   0.00000   0.00000   0.00000   0.00000   0.00000   0.19379   0.00000   0.00000   0.00000   0.00000   0.00000   0.00000   0.00000   0.00000   0.00000   0.00000   0.22028   0.00000   0.00000   0.00000   0.00000   0.00000   0.00000   0.00000   0.00000   0.00000   0.00000   0.00000   0.00000   0.00000   0.00000   0.00000   0.00000   0.00000   0.00000   0.00000   0.00000   0.00000   0.00000   0.00000   0.00000   0.00000   0.00000   0.00000   0.00000   0.00000   0.00000   0.00000   0.00000   0.00000   0.00000   0.00000   0.00000   0.18322   0.00000   0.00000   0.00000   0.00000   0.18408   0.18728   0.00000   0.00000   0.00000   0.00000   0.00000   0.00000   0.18580   0.00000   0.00000   0.00000   0.00000   0.08393   0.00000   0.00000   1.31344   1.17098   1.94368  
 95  0.0003    139.764289  x:  0.00000   0.04002   0.00000   0.00000   0.00000   0.00000   0.00000   0.00000   0.00000   0.00000   0.00000   0.00000   0.00000   0.00000   0.00000   0.00000   0.19379   0.00000   0.00000   0.00000   0.00000   0.00000   0.00000   0.00000   0.00000   0.00000   0.00000   0.22029   0.00000   0.00000   0.00000   0.00000   0.00000   0.00000   0.00000   0.00000   0.00000   0.00000   0.00000   0.00000   0.00000   0.00000   0.00000   0.00000   0.00000   0.00000   0.00000   0.00000   0.00000   0.00000   0.00000   0.00000   0.00000   0.00000   0.00000   0.00000   0.00000   0.00000   0.00000   0.00000   0.00000   0.00000   0.00000   0.00000   0.18322   0.00000   0.00000   0.00000   0.00000   0.18407   0.18729   0.00000   0.00000   0.00000   0.00000   0.00000   0.00000   0.18581   0.00000   0.00000   0.00000   0.00000   0.08393   0.00000   0.00000   1.31343   1.17098   1.94366  
 96  0.0000    139.764289  x:  0.00000   0.04002   0.00000   0.00000   0.00000   0.00000   0.00000   0.00000   0.00000   0.00000   0.00000   0.00000   0.00000   0.00000   0.00000   0.00000   0.19379   0.00000   0.00000   0.00000   0.00000   0.00000   0.00000   0.00000   0.00000   0.00000   0.00000   0.22029   0.00000   0.00000   0.00000   0.00000   0.00000   0.00000   0.00000   0.00000   0.00000   0.00000   0.00000   0.00000   0.00000   0.00000   0.00000   0.00000   0.00000   0.00000   0.00000   0.00000   0.00000   0.00000   0.00000   0.00000   0.00000   0.00000   0.00000   0.00000   0.00000   0.00000   0.00000   0.00000   0.00000   0.00000   0.00000   0.00000   0.18322   0.00000   0.00000   0.00000   0.00000   0.18407   0.18728   0.00000   0.00000   0.00000   0.00000   0.00000   0.00000   0.18581   0.00000   0.00000   0.00000   0.00000   0.08393   0.00000   0.00000   1.31343   1.17098   1.94366  
 97  0.0000    139.764289  x:  0.00000   0.04002   0.00000   0.00000   0.00000   0.00000   0.00000   0.00000   0.00000   0.00000   0.00000   0.00000   0.00000   0.00000   0.00000   0.00000   0.19379   0.00000   0.00000   0.00000   0.00000   0.00000   0.00000   0.00000   0.00000   0.00000   0.00000   0.22029   0.00000   0.00000   0.00000   0.00000   0.00000   0.00000   0.00000   0.00000   0.00000   0.00000   0.00000   0.00000   0.00000   0.00000   0.00000   0.00000   0.00000   0.00000   0.00000   0.00000   0.00000   0.00000   0.00000   0.00000   0.00000   0.00000   0.00000   0.00000   0.00000   0.00000   0.00000   0.00000   0.00000   0.00000   0.00000   0.00000   0.18322   0.00000   0.00000   0.00000   0.00000   0.18407   0.18728   0.00000   0.00000   0.00000   0.00000   0.00000   0.00000   0.18581   0.00000   0.00000   0.00000   0.00000   0.08393   0.00000   0.00000   1.31343   1.17098   1.94366  