

TREE # 1

  0  0.0000   2301.637591  x:  0.00000   0.01730   0.01512   0.00194   0.02155   0.01821   0.00767   0.01340   0.01990   0.00420   0.01158   0.00708   0.00547   0.00530   0.00569   0.02856   0.02237   0.02795   0.03127   0.00884   0.02192   0.03578   2.00000   1.00000  
  1 99.0000   2301.562930  x:  0.00000   0.01730   0.01510   0.00193   0.02154   0.01820   0.00765   0.01338   0.01989   0.00419   0.01157   0.00707   0.00545   0.00529   0.00568   0.02856   0.02236   0.02794   0.03127   0.00883   0.02192   0.03578   2.00000   1.00000  
  2 1343.6955   2296.166449  x:  0.00000   0.01740   0.01376   0.00000   0.02069   0.01717   0.00608   0.01284   0.01914   0.00226   0.00964   0.00711   0.00353   0.00616   0.00649   0.02822   0.02190   0.02801   0.03106   0.00865   0.02179   0.03579   2.00004   0.99989  
  3 3687.1796   2292.381022  x:  0.00000   0.01725   0.01290   0.00000   0.02036   0.01678   0.00471   0.01312   0.01902   0.00000   0.00738   0.00785   0.00129   0.00609   0.00614   0.02828   0.02201   0.02810   0.03129   0.00882   0.02202   0.03582   2.00009   0.99982  
  4 3025.2142   2291.062261  x:  0.00000   0.01735   0.01278   0.00000   0.02032   0.01685   0.00416   0.01325   0.01909   0.00000   0.00609   0.00774   0.00000   0.00597   0.00624   0.02835   0.02211   0.02809   0.03132   0.00887   0.02211   0.03583   2.00012   0.99980  
  5 4080.2179   2287.741278  x:  0.00000   0.01738   0.01291   0.00000   0.02007   0.01749   0.00188   0.01344   0.01937   0.00000   0.00000   0.00733   0.00000   0.00629   0.00600   0.02851   0.02232   0.02802   0.03134   0.00879   0.02218   0.03585   2.00026   0.99974  
  6 8533.6523   2287.246716  x:  0.00000   0.01738   0.01328   0.00000   0.01974   0.01806   0.00000   0.01346   0.01948   0.00000   0.00000   0.00727   0.00000   0.00632   0.00599   0.02856   0.02237   0.02800   0.03131   0.00871   0.02223   0.03587   2.00038   0.99969  
  7 3304.8296   2283.910256  x:  0.00000   0.02118   0.01171   0.00000   0.01613   0.00544   0.00000   0.01804   0.01226   0.00000   0.00000   0.00485   0.00000   0.00703   0.00389   0.02747   0.02169   0.02889   0.03723   0.01314   0.02489   0.03568   1.99884   0.99945  
  8 383.2747   2282.647396  x:  0.00000   0.02182   0.00780   0.00000   0.00832   0.00899   0.00000   0.02020   0.00977   0.00000   0.00000   0.00420   0.00000   0.00719   0.00354   0.02724   0.02165   0.02877   0.03935   0.01392   0.02600   0.03578   1.99912   0.99821  
  9 227.4931   2282.515161  x:  0.00000   0.02093   0.00783   0.00000   0.00716   0.00841   0.00000   0.02159   0.01175   0.00000   0.00000   0.00427   0.00000   0.00718   0.00428   0.02633   0.02055   0.02796   0.04085   0.01224   0.02582   0.03588   2.00043   0.99489  
 10 45.1008   2282.194202  x:  0.00000   0.01970   0.00716   0.00000   0.00884   0.00924   0.00000   0.02520   0.01007   0.00000   0.00000   0.00442   0.00000   0.00715   0.00577   0.02409   0.01782   0.02680   0.04503   0.00747   0.02641   0.03617   2.00501   0.98308  
 11 109.0839   2281.262409  x:  0.00000   0.01912   0.00738   0.00000   0.00854   0.00894   0.00000   0.02575   0.00930   0.00000   0.00000   0.00482   0.00000   0.00695   0.00671   0.02518   0.01924   0.02874   0.04615   0.00000   0.03009   0.03633   2.01429   0.95950  
 12 149.6015   2280.447499  x:  0.00000   0.01944   0.00705   0.00000   0.00904   0.00940   0.00000   0.02523   0.01048   0.00000   0.00000   0.00391   0.00000   0.00732   0.00537   0.02356   0.01730   0.02625   0.04443   0.00000   0.02008   0.03612   1.99583   1.00643  
 13 5976.7293   2278.978604  x:  0.00000   0.01227   0.00695   0.00000   0.00959   0.00959   0.00000   0.02342   0.01059   0.00000   0.00000   0.00132   0.00000   0.00719   0.00693   0.02271   0.01619   0.02826   0.04547   0.00000   0.01908   0.03651   1.99788   1.00118  
 14 146.5620   2267.665984  x:  0.00000   0.00807   0.00606   0.00000   0.01047   0.01031   0.00000   0.00275   0.01090   0.00000   0.00000   0.00262   0.00000   0.00523   0.01093   0.02310   0.01685   0.02894   0.06291   0.00000   0.01672   0.04143   2.10464   0.72857  
 15 736.4064   2250.804223  x:  0.00000   0.00150   0.00662   0.00000   0.00908   0.00896   0.00000   0.00177   0.00753   0.00000   0.00000   0.00557   0.00000   0.00180   0.01467   0.01957   0.00779   0.03744   0.05235   0.00000   0.01662   0.04665   2.29058   0.25259  
 16 4053.9398   2249.499640  x:  0.00000   0.00245   0.00625   0.00000   0.00925   0.00933   0.00000   0.00127   0.00840   0.00000   0.00000   0.00582   0.00000   0.00141   0.01451   0.01680   0.00589   0.04223   0.05184   0.00000   0.01704   0.04741   2.31232   0.19716  
 17 5680.4956   2249.251401  x:  0.00000   0.00237   0.00624   0.00000   0.00926   0.00933   0.00000   0.00123   0.00840   0.00000   0.00000   0.00588   0.00000   0.00133   0.01455   0.01428   0.00736   0.04258   0.05146   0.00000   0.01710   0.04761   2.31665   0.18638  
 18 761.9364   2248.804087  x:  0.00000   0.00243   0.00722   0.00000   0.00903   0.00914   0.00000   0.00147   0.00788   0.00000   0.00000   0.00583   0.00000   0.00142   0.01434   0.01505   0.00740   0.04112   0.04969   0.00000   0.01707   0.07425   2.36150   0.16943  
 19 12.9036   2247.284862  x:  0.00000   0.00238   0.00824   0.00000   0.00865   0.00881   0.00000   0.00160   0.00667   0.00000   0.00000   0.00571   0.00000   0.00155   0.01501   0.01826   0.00794   0.03835   0.05109   0.00000   0.01692   0.05273   2.52591   0.12392  
 20 41.7636   2243.581441  x:  0.00000   0.00350   0.00916   0.00000   0.00703   0.00706   0.00000   0.00286   0.00325   0.00000   0.00000   0.00548   0.00000   0.00060   0.01574   0.01704   0.00821   0.03239   0.04169   0.00000   0.01659   0.03522   2.97812   0.16023  
 21 75.8716   2242.580272  x:  0.00000   0.00386   0.01129   0.00000   0.00653   0.00697   0.00000   0.00331   0.00313   0.00000   0.00000   0.00548   0.00000   0.00225   0.01493   0.01490   0.00788   0.03289   0.03929   0.00000   0.01672   0.02769   3.27383   0.17157  
 22 11.9187   2242.384285  x:  0.00000   0.00397   0.01390   0.00000   0.00671   0.00755   0.00000   0.00338   0.00423   0.00000   0.00000   0.00535   0.00000   0.00213   0.01463   0.01500   0.00806   0.03314   0.04054   0.00000   0.01648   0.02787   3.43912   0.17483  
 23  4.3029   2242.384285  x:  0.00000   0.00397   0.01390   0.00000   0.00671   0.00755   0.00000   0.00338   0.00423   0.00000   0.00000   0.00535   0.00000   0.00213   0.01463   0.01500   0.00806   0.03314   0.04054   0.00000   0.01648   0.02787   3.43912   0.17483  
 24  0.9471   2237.093954  x:  0.00000   0.01514   0.00852   0.00000   0.00767   0.00562   0.00000   0.00715   0.00974   0.00000   0.00000   0.00189   0.00000   0.00383   0.01268   0.01764   0.01207   0.03293   0.03957   0.00000   0.01562   0.02860   3.43916   0.17475  
 25 907.0156   2235.361917  x:  0.00000   0.01633   0.00256   0.00000   0.00793   0.00480   0.00000   0.00597   0.00946   0.00000   0.00000   0.00381   0.00000   0.00214   0.00969   0.01947   0.01339   0.03262   0.03817   0.00000   0.01560   0.02948   3.43921   0.17462  
 26 432.8162   2235.097240  x:  0.00000   0.01616   0.00157   0.00000   0.00792   0.00496   0.00000   0.00539   0.00893   0.00000   0.00000   0.00287   0.00000   0.00282   0.00826   0.02007   0.01357   0.03247   0.03736   0.00000   0.01582   0.02997   3.43924   0.17455  
 27 269.5365   2234.787932  x:  0.00000   0.01653   0.00225   0.00000   0.00799   0.00491   0.00000   0.00471   0.00827   0.00000   0.00000   0.00224   0.00000   0.00244   0.00527   0.02149   0.01418   0.03212   0.03548   0.00000   0.01627   0.03111   3.43932   0.17439  
 28 285.1656   2234.675768  x:  0.00000   0.01671   0.00244   0.00000   0.00790   0.00521   0.00000   0.00525   0.00796   0.00000   0.00000   0.00294   0.00000   0.00315   0.00444   0.02206   0.01413   0.03189   0.03379   0.00000   0.01708   0.03211   3.43939   0.17426  
 29 149.7778   2234.504485  x:  0.00000   0.01691   0.00227   0.00000   0.00769   0.00550   0.00000   0.00591   0.00767   0.00000   0.00000   0.00256   0.00000   0.00256   0.00460   0.02257   0.01353   0.03149   0.03013   0.00000   0.01904   0.03433   3.43956   0.17395  
 30 170.5320   2234.457999  x:  0.00000   0.01708   0.00236   0.00000   0.00779   0.00505   0.00000   0.00520   0.00804   0.00000   0.00000   0.00267   0.00000   0.00279   0.00479   0.02235   0.01334   0.03141   0.02896   0.00000   0.01944   0.03534   3.43966   0.17380  
 31 92.3900   2234.428511  x:  0.00000   0.01709   0.00231   0.00000   0.00796   0.00537   0.00000   0.00520   0.00840   0.00000   0.00000   0.00269   0.00000   0.00269   0.00443   0.02121   0.01325   0.03153   0.02848   0.00000   0.01906   0.03703   3.43987   0.17352  
 32 37.1141   2234.411098  x:  0.00000   0.01714   0.00230   0.00000   0.00782   0.00497   0.00000   0.00538   0.00800   0.00000   0.00000   0.00266   0.00000   0.00271   0.00445   0.02075   0.01340   0.03167   0.02852   0.00000   0.01874   0.03853   3.44008   0.17324  
 33 44.7552   2234.393151  x:  0.00000   0.01728   0.00234   0.00000   0.00772   0.00530   0.00000   0.00517   0.00778   0.00000   0.00000   0.00270   0.00000   0.00274   0.00481   0.02098   0.01364   0.03184   0.02899   0.00000   0.01853   0.04060   3.44043   0.17282  
 34 44.8308   2234.379429  x:  0.00000   0.01692   0.00234   0.00000   0.00787   0.00517   0.00000   0.00532   0.00815   0.00000   0.00000   0.00266   0.00000   0.00274   0.00488   0.02147   0.01348   0.03194   0.02960   0.00000   0.01853   0.04233   3.44080   0.17238  
 35 47.4168   2234.378381  x:  0.00000   0.01701   0.00233   0.00000   0.00776   0.00517   0.00000   0.00530   0.00815   0.00000   0.00000   0.00267   0.00000   0.00273   0.00483   0.02145   0.01331   0.03181   0.02970   0.00000   0.01858   0.04240   3.44104   0.17213  
 36  5.2376   2234.376365  x:  0.00000   0.01708   0.00233   0.00000   0.00797   0.00517   0.00000   0.00529   0.00806   0.00000   0.00000   0.00267   0.00000   0.00273   0.00483   0.02139   0.01328   0.03155   0.02982   0.00000   0.01870   0.04243   3.44175   0.17140  
 37 10.2395   2234.369957  x:  0.00000   0.01691   0.00234   0.00000   0.00781   0.00518   0.00000   0.00531   0.00820   0.00000   0.00000   0.00266   0.00000   0.00274   0.00486   0.02130   0.01365   0.03113   0.02991   0.00000   0.01884   0.04237   3.44432   0.16881  
 38 27.5781   2234.357422  x:  0.00000   0.01693   0.00236   0.00000   0.00787   0.00520   0.00000   0.00535   0.00817   0.00000   0.00000   0.00266   0.00000   0.00276   0.00497   0.02154   0.01341   0.03164   0.02973   0.00000   0.01840   0.04211   3.44966   0.16372  
 39 46.3332   2234.355248  x:  0.00000   0.01698   0.00235   0.00000   0.00787   0.00520   0.00000   0.00532   0.00815   0.00000   0.00000   0.00267   0.00000   0.00276   0.00488   0.02144   0.01346   0.03203   0.02984   0.00000   0.01873   0.04207   3.45083   0.16304  
 40 15.0115   2232.097509  x:  0.00000   0.01620   0.00256   0.00000   0.00777   0.00523   0.00000   0.00532   0.00802   0.00000   0.00000   0.00241   0.00000   0.00284   0.00510   0.02083   0.01299   0.03190   0.02956   0.00000   0.01832   0.04274   6.05233   0.18038  
 41  6.5837   2232.077831  x:  0.00000   0.01609   0.00252   0.00000   0.00778   0.00516   0.00000   0.00518   0.00794   0.00000   0.00000   0.00265   0.00000   0.00261   0.00500   0.02118   0.01318   0.03192   0.02961   0.00000   0.01842   0.04294   6.07627   0.17449  
 42  0.0289   2232.077825  x:  0.00004   0.01609   0.00252   0.00000   0.00778   0.00516   0.00000   0.00518   0.00794   0.00000   0.00000   0.00265   0.00000   0.00261   0.00500   0.02118   0.01318   0.03192   0.02961   0.00000   0.01842   0.04294   6.07629   0.17448  
 43  0.4029   2232.073268  x:  0.00002   0.01583   0.00258   0.00000   0.00777   0.00522   0.00000   0.00521   0.00791   0.00000   0.00000   0.00257   0.00000   0.00271   0.00511   0.02103   0.01308   0.03196   0.02976   0.00000   0.01846   0.04285   6.09034   0.17184  
 44  0.0198   2232.072685  x:  0.00000   0.01574   0.00258   0.00000   0.00777   0.00522   0.00000   0.00520   0.00789   0.00000   0.00000   0.00257   0.00000   0.00270   0.00513   0.02101   0.01306   0.03197   0.02977   0.00000   0.01843   0.04286   6.09937   0.17222  
 45  0.0114   2232.072375  x:  0.00000   0.01560   0.00258   0.00000   0.00776   0.00523   0.00000   0.00518   0.00786   0.00000   0.00000   0.00258   0.00000   0.00269   0.00517   0.02100   0.01303   0.03200   0.02979   0.00000   0.01840   0.04286   6.11259   0.17269  
 46  0.0136   2232.072370  x:  0.00000   0.01560   0.00258   0.00000   0.00776   0.00523   0.00000   0.00518   0.00786   0.00000   0.00000   0.00258   0.00000   0.00269   0.00517   0.02100   0.01303   0.03197   0.02979   0.00000   0.01840   0.04286   6.11290   0.17269  
 47  0.0003   2232.072370  x:  0.00000   0.01560   0.00258   0.00000   0.00776   0.00523   0.00000   0.00518   0.00786   0.00000   0.00000   0.00258   0.00000   0.00269   0.00517   0.02100   0.01303   0.03197   0.02979   0.00000   0.01840   0.04286   6.11290   0.17269  
 48  0.0250   2232.072370  x:  0.00000   0.01560   0.00258   0.00000   0.00776   0.00523   0.00000   0.00518   0.00786   0.00000   0.00000   0.00258   0.00000   0.00269   0.00517   0.02100   0.01303   0.03197   0.02979   0.00000   0.01840   0.04286   6.11290   0.17269  
 49  0.0979   2232.072370  x:  0.00000   0.01560   0.00258   0.00000   0.00776   0.00523   0.00000   0.00518   0.00786   0.00000   0.00000   0.00258   0.00000   0.00269   0.00517   0.02100   0.01303   0.03197   0.02979   0.00000   0.01840   0.04286   6.11290   0.17269  
 50  0.0192   2232.072370  x:  0.00000   0.01560   0.00258   0.00000   0.00776   0.00523   0.00000   0.00518   0.00786   0.00000   0.00000   0.00258   0.00000   0.00268   0.00517   0.02099   0.01303   0.03197   0.02979   0.00000   0.01840   0.04286   6.11290   0.17269  
 51  0.0189   2232.072370  x:  0.00000   0.01560   0.00258   0.00000   0.00776   0.00523   0.00000   0.00518   0.00786   0.00000   0.00000   0.00258   0.00000   0.00268   0.00517   0.02099   0.01303   0.03197   0.02979   0.00000   0.01840   0.04286   6.11290   0.17269  
 52  0.0165   2232.072370  x:  0.00000   0.01560   0.00258   0.00000   0.00776   0.00523   0.00000   0.00518   0.00786   0.00000   0.00000   0.00258   0.00000   0.00268   0.00517   0.02099   0.01303   0.03197   0.02979   0.00000   0.01840   0.04286   6.11290   0.17269  
 53  0.0086   2232.072370  x:  0.00000   0.01560   0.00258   0.00000   0.00776   0.00523   0.00000   0.00518   0.00786   0.00000   0.00000   0.00258   0.00000   0.00268   0.00517   0.02099   0.01303   0.03197   0.02979   0.00000   0.01840   0.04286   6.11290   0.17269  
 54  0.0077   2232.072370  x:  0.00000   0.01560   0.00258   0.00000   0.00776   0.00523   0.00000   0.00518   0.00786   0.00000   0.00000   0.00258   0.00000   0.00268   0.00517   0.02099   0.01303   0.03197   0.02979   0.00000   0.01840   0.04286   6.11290   0.17269  
 55  0.0058   2232.072370  x:  0.00000   0.01560   0.00258   0.00000   0.00776   0.00523   0.00000   0.00518   0.00786   0.00000   0.00000   0.00258   0.00000   0.00268   0.00517   0.02099   0.01303   0.03197   0.02979   0.00000   0.01840   0.04286   6.11290   0.17269  
check convergence!
